1,1,1,1
2,2,2,1
1,1,2,1
2,2,3,1
3,3,4,1
4,4,5,1
4,5,2,1
4,6,2,1
2,2,6,1
3,3,5,1
4,4,1,1
4,5,1,1
4,6,1,1
5,7,7,1
2,2,1,1
5,8,2,1
3,3,8,1
4,4,9,1
4,5,10,1
4,6,11,1
5,9,12,1
5,7,13,1
5,8,1,1
4,4,14,1
6,10,5,1
5,9,15,1
5,7,6,1
5,8,16,1
4,5,17,1
6,10,18,1
5,9,19,1
5,7,20,1
7,11,21,1
6,10,22,1
5,9,23,1
7,11,24,1
4,5,25,1
6,10,26,1
5,9,27,1
7,11,28,1
6,10,29,1
5,9,1,1
7,11,30,1
6,10,31,1
5,9,2,1
7,11,32,1
5,9,33,1
7,11,34,1
7,11,35,1
7,11,36,1
8,12,5,1
8,12,37,1
8,12,1,1
8,12,38,1
8,12,39,1
8,12,40,1
8,12,41,1
8,12,42,1
9,13,1,1
9,13,5,1
9,13,43,1
9,13,44,1
9,13,45,1
9,13,46,1
9,13,47,1
9,13,48,1
9,13,49,1
9,13,4,1
9,13,50,1
9,13,51,1
9,13,6,1
10,14,1,1
10,14,5,1
10,14,52,1
10,14,53,1
10,14,54,1
11,15,55,1
11,15,56,1
11,15,57,1
11,15,58,1
11,15,59,1
11,15,60,1
11,15,61,1
11,15,62,1
11,15,63,1
11,15,64,1
11,15,65,1
12,16,66,1
12,16,55,1
12,16,6,1
12,16,67,1
13,17,68,1
13,17,69,1
13,17,70,1
13,17,71,1
13,17,72,1
13,17,73,1
14,18,74,1
14,18,75,1
14,18,76,1
13,17,77,1
14,18,78,1
13,17,79,1
14,18,80,1
15,19,81,1
14,18,82,1
14,18,83,1
14,18,68,1
14,18,84,1
14,18,85,1
15,19,6,1
15,19,86,1
15,19,87,1
15,20,1,1
15,20,88,1
15,20,89,1
15,20,90,1
16,21,91,1
16,21,6,1
16,21,92,1
15,20,93,1
15,20,94,1
15,20,95,1
15,20,96,1
15,20,78,1
15,20,80,1
15,20,97,1
15,20,6,1
15,20,98,1
15,20,49,1
15,20,99,1
17,22,100,1
15,20,101,1
17,22,102,1
15,20,50,1
17,22,103,1
15,20,68,1
17,22,104,1
17,22,105,1
17,22,80,1
17,22,68,1
17,22,106,1
17,22,107,1
18,23,68,1
17,22,108,1
18,23,109,1
17,22,110,1
18,23,111,1
17,22,112,1
18,23,113,1
18,23,114,1
17,22,115,1
18,23,116,1
18,23,117,1
17,22,6,1
18,23,118,1
17,22,49,1
18,23,119,1
17,22,50,1
19,24,1,1
19,24,120,1
19,24,121,1
19,24,2,1
19,24,78,1
19,24,6,1
19,24,122,1
19,24,123,1
19,24,124,1
19,24,49,1
19,24,125,1
19,24,126,1
19,24,127,1
19,24,50,1
20,25,66,1
20,25,55,1
20,25,6,1
20,25,67,1
21,26,128,1
21,26,129,1
21,26,74,1
21,26,130,1
21,26,131,1
21,26,132,1
21,26,133,1
21,26,134,1
22,27,135,1
22,27,80,1
22,27,68,1
23,28,136,1
23,28,137,1
23,28,138,1
23,28,139,1
23,28,140,1
23,28,141,1
24,29,68,1
24,29,142,1
24,29,143,1
24,30,80,1
24,30,68,1
24,30,144,1
24,30,145,1
24,30,1,1
24,30,146,1
24,30,147,1
25,31,143,1
24,30,148,1
25,31,149,1
26,32,143,1
26,33,1,1
26,33,68,1
26,33,143,1
26,34,143,1
27,35,150,1
27,35,143,1
27,36,143,1
27,36,151,1
27,36,152,1
27,36,153,1
27,36,154,1
28,37,155,1
28,37,68,1
28,37,74,1
29,38,68,1
29,38,156,1
30,39,157,1
30,39,158,1
30,39,159,1
30,39,160,1
30,39,161,1
30,39,145,1
30,39,162,1
30,39,80,1
31,40,156,1
31,40,163,1
31,40,164,1
31,41,140,1
31,41,165,1
31,41,166,1
32,42,167,1
32,42,99,1
32,42,140,1
32,42,168,1
32,42,169,1
32,42,170,1
32,42,171,1
32,42,172,1
32,42,173,1
33,43,174,1
33,43,175,1
33,43,73,1
33,43,176,1
33,43,177,1
33,43,178,1
33,43,68,1
33,43,179,1
33,43,168,1
33,43,180,1
33,43,181,1
33,43,182,1
33,43,183,1
34,44,184,1
34,44,185,1
34,44,186,1
34,44,187,1
34,44,140,1
34,44,188,1
35,45,189,1
35,45,190,1
35,45,191,1
35,45,192,1
35,45,193,1
35,45,194,1
35,45,195,1
35,45,196,1
36,46,116,1
36,46,111,1
36,47,197,1
36,47,198,1
36,47,199,1
36,47,200,1
36,47,201,1
36,47,202,1
37,48,197,1
37,48,203,1
37,48,204,1
37,48,205,1
38,49,68,1
38,49,206,1
38,49,207,1
38,49,208,1
38,49,140,1
38,49,73,1
38,49,209,1
38,49,105,1
38,49,107,1
38,49,108,1
38,49,110,1
38,49,112,1
38,49,115,1
38,49,6,1
38,49,49,1
38,49,50,1
39,50,6,1
39,50,210,1
39,50,197,1
39,50,211,1
40,51,140,1
40,51,212,1
40,51,213,1
40,51,214,1
41,52,140,1
41,53,197,1
41,53,215,1
41,53,216,1
41,53,217,1
41,53,218,1
41,53,219,1
41,53,220,1
41,53,221,1
41,53,222,1
41,53,223,1
41,53,1,1
41,53,224,1
41,53,225,1
41,53,226,1
41,53,227,1
41,53,228,1
41,53,229,1
41,53,230,1
41,53,231,1
41,53,232,1
41,53,233,1
42,54,234,1
42,54,235,1
42,55,236,1
42,55,215,1
42,55,78,1
42,55,237,1
42,55,238,1
42,55,239,1
42,55,240,1
43,56,236,1
43,56,215,1
43,56,241,1
43,56,242,1
43,56,6,1
43,56,243,1
43,56,50,1
43,56,49,1
44,57,236,1
44,57,215,1
45,58,215,1
45,58,244,1
45,58,245,1
45,58,246,1
45,59,236,1
45,59,215,1
46,60,244,1
46,60,245,1
46,60,246,1
46,61,237,1
47,62,247,1
47,62,198,1
47,62,248,1
47,62,249,1
47,62,199,1
47,62,234,1
47,62,250,1
47,62,251,1
47,62,252,1
47,62,253,1
47,62,254,1
47,62,255,1
47,62,256,1
48,63,215,1
48,64,6,1
48,64,257,1
48,64,258,1
48,64,259,1
48,64,260,1
48,64,261,1
48,64,262,1
48,64,263,1
48,64,78,1
48,64,216,1
48,64,215,1
49,65,215,1
49,65,264,1
49,65,197,1
49,65,265,1
49,65,266,1
50,66,267,1
50,66,268,1
50,66,269,1
50,66,215,1
50,66,270,1
50,66,53,1
50,66,271,1
50,66,272,1
51,67,197,1
51,67,273,1
51,67,1,1
51,67,274,1
51,67,207,1
51,67,275,1
52,68,215,1
52,68,276,1
52,68,197,1
52,68,277,1
52,68,278,1
52,68,279,1
52,68,78,1
52,68,271,1
52,68,280,1
52,68,281,1
52,68,282,1
52,68,241,1
52,68,242,1
52,68,6,1
52,68,243,1
52,68,50,1
52,68,49,1
53,69,197,1
53,70,7,1
53,70,283,1
53,70,284,1
53,70,285,1
53,70,286,1
53,70,99,1
53,70,287,1
54,71,7,1
54,71,285,1
54,71,288,1
54,71,289,1
54,71,290,1
54,71,291,1
54,71,292,1
55,72,293,1
54,71,294,1
55,72,295,1
55,72,296,1
54,71,297,1
55,72,298,1
54,71,299,1
55,72,300,1
54,71,301,1
55,72,302,1
54,71,183,1
55,72,303,1
54,71,304,1
55,72,305,1
54,71,190,1
54,71,227,1
54,71,228,1
54,71,306,1
54,71,307,1
54,71,308,1
54,71,309,1
54,71,310,1
54,71,107,1
54,71,101,1
54,71,311,1
54,71,312,1
54,71,50,1
54,71,313,1
54,71,314,1
54,71,315,1
54,71,185,1
54,71,316,1
54,71,316,1
54,71,49,1
54,71,317,1
54,71,318,1
54,71,319,1
54,71,320,1
54,71,321,1
54,71,322,1
54,71,323,1
54,71,324,1
54,71,325,1
54,71,326,1
54,71,327,1
54,71,328,1
54,71,329,1
54,71,330,1
54,71,331,1
54,71,332,1
56,73,1,1
54,71,333,1
56,73,7,1
56,73,334,1
54,71,335,1
54,71,336,1
54,71,337,1
54,71,338,1
54,71,339,1
54,71,340,1
57,74,293,1
54,71,341,1
57,74,295,1
54,71,342,1
57,74,296,1
54,71,127,1
57,74,298,1
54,71,343,1
54,71,344,1
57,74,300,1
54,71,345,1
54,71,346,1
57,74,302,1
54,71,347,1
57,74,303,1
54,71,348,1
57,74,305,1
54,71,349,1
54,71,283,1
54,71,350,1
54,71,351,1
54,71,352,1
54,71,353,1
54,71,354,1
54,71,355,1
54,71,356,1
54,71,357,1
58,75,197,1
58,75,211,1
58,75,358,1
58,75,359,1
58,75,360,1
58,75,215,1
58,75,1,1
58,75,6,1
59,76,7,1
59,76,361,1
59,76,117,1
59,76,1,1
59,76,362,1
59,76,293,1
59,76,363,1
59,76,364,1
60,77,268,1
60,77,365,1
60,77,302,1
60,77,293,1
60,77,366,1
60,77,305,1
60,77,367,1
60,77,368,1
60,77,49,1
61,78,293,1
60,77,369,1
61,78,370,1
60,77,7,1
60,77,285,1
60,77,371,1
60,77,372,1
60,77,373,1
60,77,283,1
61,79,197,1
61,79,374,1
62,80,375,1
62,80,376,1
62,80,377,1
63,81,378,1
63,81,379,1
63,81,380,1
63,81,381,1
63,81,382,1
63,81,383,1
63,81,7,1
63,81,285,1
63,81,384,1
63,81,50,1
63,81,283,1
63,81,385,1
63,81,1,1
64,82,90,1
64,82,386,1
64,82,387,1
64,82,388,1
64,82,389,1
64,82,390,1
64,82,391,1
64,82,392,1
65,83,393,1
65,83,284,1
65,83,7,1
65,83,92,1
65,83,394,1
65,83,259,1
66,84,284,1
66,84,7,1
66,84,395,1
66,84,49,1
66,85,284,1
66,84,396,1
66,85,7,1
66,85,395,1
66,84,1,1
66,85,49,1
66,84,239,1
67,86,6,1
66,85,396,1
67,86,397,1
67,86,398,1
66,84,399,1
66,85,1,1
66,85,239,1
67,86,262,1
66,85,399,1
67,86,400,1
67,86,401,1
67,86,259,1
67,86,258,1
68,87,402,1
68,87,403,1
68,87,185,1
68,87,7,1
69,88,284,1
69,88,7,1
69,88,395,1
69,88,49,1
69,88,396,1
69,88,1,1
69,88,239,1
69,88,399,1
70,89,6,1
70,89,397,1
70,89,398,1
70,89,262,1
70,89,400,1
70,89,401,1
70,89,259,1
70,89,258,1
71,90,284,1
71,90,7,1
71,90,395,1
71,90,49,1
71,90,396,1
71,90,1,1
71,90,239,1
71,90,399,1
71,90,368,1
71,90,369,1
71,90,285,1
71,90,371,1
71,90,372,1
71,90,373,1
71,90,283,1
72,91,404,1
72,91,405,1
72,91,406,1
72,91,407,1
72,91,408,1
73,92,404,1
73,92,405,1
73,92,406,1
73,92,407,1
73,92,408,1
73,92,78,1
73,92,409,1
74,93,284,1
74,93,7,1
74,93,395,1
74,93,49,1
74,93,396,1
74,93,1,1
74,93,239,1
74,93,399,1
74,93,78,1
74,93,410,1
74,93,397,1
74,93,411,1
74,93,412,1
74,93,413,1
74,93,414,1
74,93,415,1
74,93,227,1
74,93,416,1
74,93,417,1
74,93,50,1
73,92,219,1
73,92,1,1
73,92,418,1
73,92,239,1
73,92,419,1
75,94,7,1
75,94,377,1
75,94,285,1
75,94,304,1
75,94,183,1
75,94,49,1
75,94,420,1
75,94,78,1
75,94,284,1
75,94,421,1
75,94,361,1
75,94,422,1
75,94,423,1
75,94,383,1
75,94,384,1
75,94,50,1
75,94,283,1
75,94,385,1
75,94,1,1
76,95,424,1
76,95,425,1
76,95,6,1
76,95,404,1
76,95,408,1
77,96,404,1
77,96,426,1
77,96,296,1
77,96,298,1
77,96,300,1
77,96,407,1
77,96,408,1
78,97,427,1
78,97,428,1
78,97,429,1
78,97,430,1
78,97,431,1
78,97,432,1
78,97,433,1
78,97,32,1
78,97,78,1
78,97,219,1
78,97,434,1
78,97,435,1
78,97,436,1
78,97,1,1
79,98,219,1
79,99,219,1
79,99,404,1
79,99,408,1
80,100,404,1
80,100,219,1
80,100,437,1
80,100,438,1
80,100,406,1
80,100,49,1
81,101,404,1
81,101,426,1
81,101,296,1
81,101,298,1
81,101,300,1
81,101,407,1
81,101,408,1
82,102,174,1
82,102,259,1
82,102,78,1
82,102,439,1
82,102,440,1
82,102,441,1
82,102,442,1
82,102,443,1
82,102,444,1
82,102,445,1
82,102,446,1
82,102,447,1
82,102,448,1
82,102,1,1
83,103,404,1
83,103,405,1
83,103,406,1
83,103,407,1
83,103,408,1
84,104,219,1
84,104,404,1
84,104,449,1
84,104,406,1
84,104,296,1
84,104,298,1
84,104,300,1
84,104,407,1
85,105,404,1
85,105,450,1
85,105,407,1
85,105,408,1
86,106,404,1
86,106,405,1
86,106,406,1
86,106,407,1
86,106,408,1
86,106,78,1
86,106,219,1
86,106,409,1
86,106,274,1
86,106,451,1
87,107,452,1
87,107,453,1
87,107,219,1
87,107,454,1
87,107,455,1
87,107,456,1
87,107,457,1
87,107,1,1
88,108,458,1
88,108,459,1
88,108,460,1
88,108,78,1
88,108,461,1
88,108,462,1
88,108,463,1
88,108,464,1
88,108,464,1
88,108,107,1
88,108,465,1
88,108,466,1
88,108,467,1
89,109,458,1
89,109,468,1
90,110,458,1
90,110,469,1
90,111,458,1
90,111,463,1
90,111,470,1
91,112,174,1
91,112,466,1
91,112,471,1
91,112,472,1
91,112,49,1
91,112,473,1
91,112,50,1
91,112,6,1
91,112,474,1
92,113,467,1
92,113,458,1
92,114,466,1
92,114,467,1
92,114,475,1
92,114,463,1
93,115,476,1
93,115,477,1
93,115,478,1
93,115,479,1
93,115,480,1
93,115,481,1
93,115,482,1
93,115,483,1
93,115,484,1
93,115,484,1
93,115,466,1
93,115,485,1
93,115,467,1
93,115,463,1
93,115,486,1
93,115,1,1
93,115,487,1
94,116,463,1
94,116,466,1
94,116,467,1
95,117,458,1
95,117,488,1
96,118,458,1
95,117,489,1
96,118,107,1
95,117,6,1
96,118,465,1
95,117,490,1
96,118,466,1
95,117,491,1
96,118,467,1
95,117,492,1
96,118,463,1
95,117,493,1
97,119,458,1
97,119,1,1
97,119,494,1
98,120,458,1
98,121,458,1
98,122,495,1
98,122,496,1
98,122,497,1
98,122,498,1
99,123,499,1
99,123,458,1
99,123,500,1
99,124,501,1
99,124,495,1
99,124,1,1
99,124,50,1
99,124,49,1
99,124,126,1
100,125,495,1
100,125,498,1
100,126,502,1
100,126,6,1
100,126,495,1
100,126,503,1
100,126,504,1
100,126,49,1
100,126,505,1
100,126,506,1
100,126,1,1
100,126,507,1
100,126,508,1
100,126,509,1
100,126,509,1
100,126,510,1
100,126,511,1
100,126,50,1
100,126,512,1
101,127,427,1
101,127,428,1
101,127,429,1
101,127,513,1
101,127,431,1
101,127,514,1
101,127,515,1
101,127,516,1
101,127,253,1
101,127,517,1
101,127,518,1
101,127,519,1
101,127,520,1
101,127,521,1
101,127,522,1
102,128,523,1
102,128,524,1
102,128,525,1
102,128,526,1
102,128,527,1
102,128,528,1
102,128,529,1
102,128,1,1
103,129,530,1
103,129,531,1
103,129,516,1
103,129,532,1
103,129,533,1
103,129,534,1
103,129,535,1
103,129,536,1
104,130,523,1
104,130,524,1
104,130,525,1
104,130,526,1
104,130,527,1
104,130,528,1
104,130,529,1
104,130,1,1
105,131,495,1
105,132,458,1
105,132,466,1
105,132,537,1
105,132,538,1
105,132,539,1
105,132,540,1
105,132,486,1
105,132,484,1
105,132,463,1
106,133,495,1
106,133,541,1
106,133,542,1
106,133,543,1
106,133,544,1
106,133,545,1
106,133,546,1
106,133,547,1
107,134,185,1
107,134,548,1
107,134,549,1
108,135,185,1
108,135,548,1
108,135,550,1
108,135,551,1
108,135,552,1
109,136,553,1
109,136,554,1
109,137,495,1
109,137,78,1
109,137,555,1
109,137,556,1
109,137,557,1
109,137,558,1
109,137,1,1
109,137,559,1
109,137,560,1
109,137,561,1
109,137,562,1
109,137,509,1
109,137,563,1
109,137,564,1
109,137,565,1
109,137,566,1
109,137,27,1
110,138,548,1
110,138,185,1
110,138,567,1
110,139,568,1
110,139,548,1
111,140,569,1
111,140,568,1
111,140,548,1
111,140,570,1
111,140,571,1
111,140,572,1
112,141,568,1
112,141,548,1
112,141,573,1
113,142,574,1
113,142,575,1
113,142,78,1
113,142,1,1
113,142,6,1
113,142,68,1
113,142,548,1
114,143,576,1
114,143,577,1
114,143,578,1
114,144,568,1
114,144,548,1
114,144,573,1
114,144,78,1
114,144,568,1
114,144,548,1
115,145,578,1
115,145,579,1
115,146,548,1
115,146,568,1
115,146,1,1
115,146,504,1
115,146,580,1
115,146,581,1
115,146,101,1
116,147,568,1
116,147,548,1
117,148,582,1
117,148,583,1
117,149,118,1
117,149,548,1
117,149,584,1
118,150,585,1
118,150,586,1
118,150,587,1
118,150,588,1
118,150,589,1
119,151,548,1
119,151,1,1
119,151,118,1
119,151,572,1
119,151,590,1
119,151,591,1
119,151,592,1
120,152,593,1
119,151,594,1
120,152,595,1
120,153,574,1
120,153,575,1
120,154,185,1
120,154,548,1
120,154,101,1
120,154,78,1
120,154,1,1
120,154,596,1
120,154,597,1
120,154,80,1
120,154,27,1
121,155,574,1
121,155,598,1
121,156,595,1
121,156,599,1
121,156,600,1
122,157,185,1
122,157,601,1
122,157,78,1
122,157,596,1
122,157,548,1
122,157,1,1
122,157,173,1
122,157,602,1
122,157,603,1
123,158,530,1
123,158,604,1
123,158,605,1
123,158,606,1
123,158,607,1
123,158,608,1
124,159,574,1
124,159,575,1
125,160,548,1
125,160,574,1
125,160,575,1
125,160,609,1
125,160,78,1
125,160,118,1
125,160,1,1
125,160,610,1
125,160,611,1
125,160,612,1
126,161,613,1
126,161,614,1
126,161,615,1
126,161,616,1
126,161,617,1
126,161,618,1
126,161,606,1
126,161,50,1
126,161,619,1
126,161,6,1
126,161,1,1
126,161,620,1
127,162,621,1
127,162,622,1
127,162,623,1
127,162,624,1
127,162,617,1
127,162,618,1
127,162,606,1
127,162,50,1
127,162,619,1
127,162,6,1
127,162,1,1
127,162,620,1
128,163,625,1
128,163,626,1
128,163,627,1
128,163,628,1
128,163,624,1
128,163,629,1
128,163,630,1
128,163,631,1
128,163,632,1
128,163,624,1
128,163,633,1
128,163,634,1
128,163,617,1
128,163,618,1
128,163,606,1
128,163,50,1
128,163,619,1
128,163,6,1
128,163,1,1
128,163,620,1
129,164,635,1
129,164,634,1
129,164,636,1
129,164,637,1
129,164,638,1
129,164,617,1
129,164,618,1
129,164,606,1
129,164,50,1
129,164,619,1
129,164,6,1
129,164,1,1
129,164,620,1
130,165,574,1
130,165,575,1
130,166,639,1
130,166,640,1
130,166,641,1
130,166,642,1
130,166,643,1
130,166,644,1
130,166,626,1
130,166,613,1
131,167,624,1
131,167,645,1
131,167,646,1
131,167,647,1
131,167,644,1
131,167,634,1
131,167,648,1
131,167,649,1
132,168,27,1
133,169,613,1
133,169,614,1
133,169,615,1
134,170,644,1
132,168,1,1
133,169,616,1
132,168,650,1
134,170,651,1
132,168,546,1
132,168,652,1
134,170,653,1
134,170,624,1
132,168,654,1
132,168,624,1
132,168,655,1
135,171,645,1
135,171,624,1
135,172,606,1
135,171,656,1
135,172,657,1
135,172,658,1
135,172,659,1
135,172,660,1
135,172,661,1
135,172,6,1
135,172,662,1
135,172,663,1
136,173,644,1
136,173,651,1
136,173,653,1
136,173,624,1
137,174,606,1
137,174,664,1
137,174,665,1
137,174,666,1
137,174,207,1
138,175,606,1
137,174,667,1
138,175,662,1
137,174,668,1
138,175,663,1
137,174,501,1
138,175,669,1
137,174,1,1
138,175,670,1
138,175,671,1
138,175,1,1
138,175,672,1
139,176,606,1
139,176,662,1
139,176,663,1
139,176,669,1
140,177,606,1
140,177,673,1
140,177,674,1
139,176,670,1
140,177,675,1
139,176,671,1
140,177,676,1
139,176,1,1
140,177,677,1
140,177,678,1
139,176,672,1
140,177,437,1
140,177,679,1
141,178,606,1
141,178,662,1
141,178,680,1
141,178,681,1
141,178,615,1
141,178,682,1
141,178,683,1
141,178,684,1
141,178,685,1
142,179,686,1
142,179,687,1
143,180,606,1
143,180,687,1
143,180,608,1
143,180,688,1
144,181,689,1
144,181,1,1
144,181,471,1
144,182,689,1
144,182,49,1
144,181,690,1
144,182,691,1
144,182,6,1
144,181,692,1
144,182,239,1
144,182,693,1
144,181,694,1
144,181,695,1
144,181,696,1
145,183,606,1
145,183,687,1
145,183,608,1
145,183,688,1
145,183,59,1
145,183,697,1
145,183,698,1
145,183,699,1
145,183,684,1
145,183,700,1
145,183,701,1
145,183,702,1
145,183,703,1
145,183,49,1
145,183,27,1
145,183,704,1
146,184,689,1
146,184,1,1
146,184,17,1
146,184,10,1
146,184,9,1
146,184,14,1
146,184,705,1
146,184,115,1
146,184,49,1
146,184,50,1
146,184,6,1
146,184,474,1
147,185,689,1
147,185,706,1
147,185,707,1
147,186,689,1
147,187,689,1
148,188,708,1
148,188,709,1
148,188,6,1
148,188,689,1
148,188,1,1
148,188,239,1
148,188,471,1
148,188,710,1
149,189,689,1
149,189,711,1
149,189,712,1
149,189,705,1
149,189,115,1
149,189,49,1
149,189,50,1
149,189,6,1
149,189,474,1
150,190,713,1
150,190,714,1
150,190,687,1
150,190,715,1
150,190,716,1
150,190,717,1
150,190,718,1
150,190,719,1
151,191,720,1
151,191,721,1
151,191,722,1
151,191,723,1
151,191,724,1
151,191,725,1
151,191,726,1
151,191,283,1
152,192,727,1
152,192,728,1
152,192,729,1
152,192,730,1
152,192,731,1
152,192,732,1
152,192,733,1
153,193,689,1
153,193,734,1
153,193,115,1
153,193,49,1
153,193,50,1
153,193,6,1
153,193,474,1
154,194,689,1
154,194,253,1
154,194,735,1
154,194,736,1
154,194,737,1
154,194,738,1
154,194,739,1
154,194,740,1
154,194,115,1
154,194,49,1
154,194,50,1
154,194,6,1
154,194,474,1
155,195,689,1
155,195,1,1
156,196,727,1
156,196,741,1
156,196,99,1
156,196,362,1
156,196,728,1
156,196,185,1
156,196,742,1
156,196,743,1
157,197,1,1
157,197,49,1
157,197,239,1
157,197,362,1
157,197,727,1
157,197,728,1
158,198,744,1
158,198,745,1
158,198,746,1
158,198,747,1
158,198,253,1
158,198,748,1
158,198,749,1
158,198,750,1
158,198,751,1
158,198,752,1
158,198,753,1
158,198,617,1
158,198,362,1
158,198,754,1
158,198,618,1
158,198,50,1
158,198,619,1
158,198,6,1
158,198,1,1
158,198,620,1
159,199,755,1
159,199,756,1
159,199,727,1
159,199,728,1
159,199,49,1
159,199,239,1
159,199,6,1
159,199,265,1
160,200,689,1
160,200,6,1
160,200,691,1
160,201,757,1
160,201,727,1
160,201,758,1
161,202,759,1
161,202,760,1
161,202,727,1
161,202,728,1
161,202,761,1
161,202,762,1
161,202,763,1
161,202,764,1
162,203,765,1
162,203,766,1
162,203,767,1
162,203,744,1
162,203,745,1
162,203,768,1
162,203,92,1
162,203,769,1
163,204,770,1
163,204,771,1
163,204,772,1
163,204,92,1
163,204,745,1
163,204,37,1
163,204,53,1
163,204,78,1
163,204,773,1
163,204,774,1
163,204,775,1
163,204,776,1
163,204,777,1
163,204,778,1
163,204,384,1
163,204,37,1
163,204,421,1
163,204,779,1
163,204,50,1
163,204,6,1
163,204,780,1
164,205,747,1
164,205,746,1
164,205,1,1
164,205,781,1
164,205,745,1
165,206,744,1
165,206,745,1
165,206,782,1
166,207,746,1
166,207,783,1
166,207,784,1
166,207,785,1
167,208,786,1
167,208,744,1
167,208,745,1
167,208,787,1
167,208,109,1
168,209,788,1
168,209,789,1
168,209,790,1
168,209,791,1
168,209,792,1
168,209,793,1
168,209,794,1
168,209,795,1
169,210,727,1
169,211,745,1
169,211,727,1
169,211,728,1
169,211,796,1
169,211,797,1
169,211,37,1
170,212,727,1
169,211,1,1
169,211,504,1
170,213,798,1
170,213,799,1
170,213,617,1
170,213,745,1
170,213,746,1
170,213,747,1
170,213,800,1
170,213,534,1
171,214,727,1
171,214,431,1
171,214,1,1
171,214,6,1
171,214,504,1
171,214,239,1
171,214,49,1
171,214,745,1
172,215,745,1
172,215,1,1
172,215,239,1
172,215,37,1
172,215,801,1
172,215,802,1
172,215,207,1
172,215,803,1
172,215,49,1
172,215,92,1
172,215,50,1
172,215,126,1
172,215,6,1
173,216,804,1
173,216,805,1
173,216,806,1
173,216,807,1
173,216,78,1
173,216,650,1
173,216,808,1
173,216,809,1
174,217,745,1
174,217,810,1
174,217,629,1
174,217,666,1
174,217,92,1
174,217,811,1
174,217,812,1
174,217,813,1
174,217,239,1
174,217,49,1
174,217,50,1
174,217,126,1
174,217,6,1
174,217,1,1
175,218,755,1
175,218,756,1
175,219,804,1
175,218,727,1
175,219,1,1
175,219,814,1
175,218,728,1
175,219,617,1
175,218,815,1
175,219,816,1
175,219,817,1
175,219,818,1
175,219,819,1
176,220,727,1
176,220,758,1
176,220,757,1
176,220,820,1
177,221,804,1
177,222,821,1
177,221,1,1
177,222,822,1
177,221,457,1
177,222,629,1
177,222,823,1
177,222,78,1
177,222,804,1
177,222,49,1
177,222,239,1
178,223,804,1
178,223,824,1
178,223,825,1
179,224,826,1
179,224,827,1
179,224,828,1
179,224,829,1
179,224,830,1
179,224,27,1
179,224,1,1
179,224,804,1
180,225,804,1
180,225,831,1
180,226,804,1
180,226,832,1
180,226,814,1
181,227,804,1
181,227,37,1
182,228,1,1
182,228,804,1
182,228,821,1
182,229,833,1
182,229,834,1
182,229,835,1
182,229,836,1
182,229,837,1
182,229,838,1
183,230,804,1
183,230,839,1
183,230,617,1
183,231,804,1
183,230,1,1
183,231,840,1
183,230,49,1
183,231,841,1
183,230,842,1
183,231,67,1
183,230,267,1
183,230,843,1
183,230,841,1
183,230,67,1
184,232,804,1
184,232,844,1
184,232,617,1
184,232,1,1
184,232,845,1
184,232,780,1
184,232,814,1
184,232,846,1
