"Date","Time","Open","High","Low","Close","TotalVolume"
2010/4/16,09:16:00,3450.0,3488.0,3450.0,3468.0,489
2010/4/16,09:17:00,3468.0,3473.8,3467.0,3467.0,302
2010/4/16,09:18:00,3467.0,3471.0,3466.0,3467.0,203
2010/4/16,09:19:00,3467.0,3468.2,3448.0,3448.0,280
2010/4/16,09:20:00,3448.0,3459.0,3448.0,3454.0,250
2010/4/16,09:21:00,3454.0,3456.8,3454.0,3456.8,109
2010/4/16,09:22:00,3457.0,3458.8,3456.4,3458.8,162
2010/4/16,09:23:00,3458.0,3460.0,3455.2,3455.2,202
2010/4/16,09:24:00,3455.0,3455.0,3450.2,3454.0,203
2010/4/16,09:25:00,3454.0,3457.6,3453.6,3456.6,137
2010/4/16,09:26:00,3456.0,3457.0,3447.0,3448.4,282
2010/4/16,09:27:00,3449.4,3451.8,3449.4,3450.0,174
2010/4/16,09:28:00,3450.0,3450.0,3442.0,3442.0,267
2010/4/16,09:29:00,3440.0,3447.0,3438.0,3444.0,401
2010/4/16,09:30:00,3444.0,3447.0,3440.0,3447.0,178
2010/4/16,09:31:00,3447.0,3447.6,3443.0,3445.8,301
2010/4/16,09:32:00,3445.8,3447.6,3443.0,3447.0,207
2010/4/16,09:33:00,3447.8,3458.0,3445.8,3458.0,361
2010/4/16,09:34:00,3458.2,3458.2,3450.0,3452.0,234
2010/4/16,09:35:00,3451.8,3454.0,3451.6,3451.8,204
2010/4/16,09:36:00,3451.6,3451.8,3449.0,3451.8,262
2010/4/16,09:37:00,3452.0,3454.0,3450.6,3451.4,145
2010/4/16,09:38:00,3451.4,3453.6,3450.8,3452.0,165
2010/4/16,09:39:00,3452.6,3452.6,3446.4,3446.4,237
2010/4/16,09:40:00,3446.4,3447.8,3443.8,3447.0,239
2010/4/16,09:41:00,3446.6,3446.6,3443.0,3443.6,200
2010/4/16,09:42:00,3444.2,3447.0,3444.0,3445.4,260
2010/4/16,09:43:00,3446.2,3446.8,3445.0,3446.4,304
2010/4/16,09:44:00,3447.0,3451.0,3446.0,3446.8,249
2010/4/16,09:45:00,3447.2,3448.8,3446.6,3448.0,175
2010/4/16,09:46:00,3448.2,3448.8,3446.2,3446.8,181
2010/4/16,09:47:00,3446.8,3448.2,3446.2,3447.6,136
2010/4/16,09:48:00,3447.0,3447.0,3443.2,3444.0,210
2010/4/16,09:49:00,3444.0,3445.8,3443.2,3443.2,202
2010/4/16,09:50:00,3443.0,3445.0,3440.6,3445.0,318
2010/4/16,09:51:00,3445.0,3445.2,3443.2,3444.4,268
2010/4/16,09:52:00,3444.4,3447.0,3443.8,3447.0,267
2010/4/16,09:53:00,3447.4,3447.6,3445.0,3446.0,210
2010/4/16,09:54:00,3446.0,3447.8,3446.0,3447.2,236
2010/4/16,09:55:00,3447.6,3447.6,3446.2,3447.6,133
2010/4/16,09:56:00,3447.8,3448.4,3444.6,3444.8,306
2010/4/16,09:57:00,3444.8,3445.8,3444.6,3445.0,147
2010/4/16,09:58:00,3445.0,3448.8,3444.8,3448.0,275
2010/4/16,09:59:00,3447.8,3449.8,3447.2,3449.0,295
2010/4/16,10:00:00,3449.6,3449.6,3448.4,3448.6,216
2010/4/16,10:01:00,3448.6,3449.0,3447.4,3447.4,140
2010/4/16,10:02:00,3447.8,3449.4,3447.6,3449.0,172
2010/4/16,10:03:00,3449.0,3449.0,3446.2,3446.2,186
2010/4/16,10:04:00,3446.4,3448.2,3446.4,3447.8,58
2010/4/16,10:05:00,3448.0,3448.4,3447.6,3447.6,99
2010/4/16,10:06:00,3447.6,3448.6,3447.4,3447.4,125
2010/4/16,10:07:00,3447.4,3448.6,3447.0,3448.0,154
2010/4/16,10:08:00,3447.6,3448.6,3447.6,3447.8,103
2010/4/16,10:09:00,3447.8,3448.2,3446.4,3446.4,161
2010/4/16,10:10:00,3446.2,3446.4,3444.0,3445.0,362
2010/4/16,10:11:00,3445.0,3446.8,3445.0,3445.2,154
2010/4/16,10:12:00,3445.2,3445.8,3445.0,3445.4,128
2010/4/16,10:13:00,3445.2,3445.6,3441.0,3441.2,381
2010/4/16,10:14:00,3441.0,3443.8,3440.2,3443.2,296
2010/4/16,10:15:00,3443.2,3443.6,3442.6,3443.2,111
2010/4/16,10:16:00,3443.0,3444.0,3442.6,3443.8,112
2010/4/16,10:17:00,3444.0,3444.4,3441.6,3441.8,139
2010/4/16,10:18:00,3441.4,3443.4,3441.2,3443.4,167
2010/4/16,10:19:00,3443.2,3443.8,3442.0,3442.4,137
2010/4/16,10:20:00,3443.0,3443.0,3438.8,3439.8,290
2010/4/16,10:21:00,3439.8,3441.6,3439.2,3440.2,352
2010/4/16,10:22:00,3440.0,3441.6,3439.4,3441.4,181
2010/4/16,10:23:00,3441.2,3441.4,3440.8,3441.4,115
2010/4/16,10:24:00,3441.6,3441.6,3440.4,3440.8,109
2010/4/16,10:25:00,3441.0,3441.0,3436.4,3436.8,329
2010/4/16,10:26:00,3436.4,3437.8,3433.0,3433.2,370
2010/4/16,10:27:00,3433.6,3435.4,3431.0,3431.0,315
2010/4/16,10:28:00,3431.2,3433.0,3429.2,3432.0,323
2010/4/16,10:29:00,3431.8,3433.0,3431.2,3432.2,356
2010/4/16,10:30:00,3432.2,3432.8,3431.4,3431.4,152
2010/4/16,10:31:00,3431.8,3434.4,3431.6,3433.8,194
2010/4/16,10:32:00,3433.0,3433.8,3432.2,3432.8,130
2010/4/16,10:33:00,3432.8,3433.2,3432.6,3433.0,133
2010/4/16,10:34:00,3433.0,3433.2,3430.0,3430.0,228
2010/4/16,10:35:00,3428.2,3432.0,3428.2,3431.6,160
2010/4/16,10:36:00,3431.6,3431.8,3431.2,3431.8,109
2010/4/16,10:37:00,3431.8,3432.0,3430.2,3430.8,156
2010/4/16,10:38:00,3430.2,3432.2,3429.0,3432.0,223
2010/4/16,10:39:00,3432.0,3433.0,3431.6,3433.0,220
2010/4/16,10:40:00,3433.0,3433.6,3432.0,3432.2,136
2010/4/16,10:41:00,3432.6,3435.8,3432.2,3434.6,275
2010/4/16,10:42:00,3434.4,3435.2,3433.6,3435.2,231
2010/4/16,10:43:00,3435.0,3435.8,3434.4,3434.8,152
2010/4/16,10:44:00,3434.8,3435.0,3434.0,3434.0,133
2010/4/16,10:45:00,3433.6,3434.0,3433.0,3433.8,140
2010/4/16,10:46:00,3433.8,3434.6,3433.4,3433.8,103
2010/4/16,10:47:00,3433.6,3433.6,3432.2,3433.0,163
2010/4/16,10:48:00,3433.0,3433.4,3432.8,3433.4,72
2010/4/16,10:49:00,3433.6,3433.6,3432.6,3432.6,90
2010/4/16,10:50:00,3432.4,3433.2,3431.6,3432.6,130
2010/4/16,10:51:00,3432.6,3433.2,3431.6,3433.0,121
2010/4/16,10:52:00,3433.0,3434.0,3432.8,3433.8,146
2010/4/16,10:53:00,3433.8,3433.8,3432.4,3433.2,76
2010/4/16,10:54:00,3433.0,3433.2,3432.4,3433.2,81
2010/4/16,10:55:00,3433.2,3433.8,3432.0,3432.2,143
2010/4/16,10:56:00,3432.2,3433.0,3432.2,3432.8,96
2010/4/16,10:57:00,3432.8,3433.2,3432.2,3433.0,251
2010/4/16,10:58:00,3433.0,3433.2,3432.2,3433.0,91
2010/4/16,10:59:00,3433.0,3433.2,3432.8,3432.8,78
2010/4/16,11:00:00,3432.8,3434.2,3432.6,3434.0,154
2010/4/16,11:01:00,3434.0,3434.4,3433.6,3434.2,213
2010/4/16,11:02:00,3434.2,3434.4,3433.8,3434.0,143
2010/4/16,11:03:00,3434.0,3434.2,3433.0,3433.4,113
2010/4/16,11:04:00,3433.6,3434.0,3432.6,3432.6,85
2010/4/16,11:05:00,3432.6,3433.2,3432.6,3432.6,77
2010/4/16,11:06:00,3432.6,3433.0,3432.4,3432.4,89
2010/4/16,11:07:00,3432.6,3433.6,3432.2,3433.0,112
2010/4/16,11:08:00,3433.0,3433.2,3431.4,3431.4,137
2010/4/16,11:09:00,3431.4,3433.0,3431.4,3432.6,142
2010/4/16,11:10:00,3432.6,3432.8,3432.4,3432.4,33
2010/4/16,11:11:00,3432.6,3432.8,3432.0,3432.8,109
2010/4/16,11:12:00,3433.0,3433.0,3432.6,3432.6,60
2010/4/16,11:13:00,3432.6,3433.2,3432.4,3433.0,33
2010/4/16,11:14:00,3433.0,3433.6,3433.0,3433.4,72
2010/4/16,11:15:00,3433.4,3434.2,3433.2,3434.2,110
2010/4/16,11:16:00,3434.2,3436.0,3434.2,3435.4,273
2010/4/16,11:17:00,3435.2,3435.4,3433.6,3434.0,201
2010/4/16,11:18:00,3434.0,3434.4,3433.8,3434.2,114
2010/4/16,11:19:00,3434.0,3434.4,3433.6,3434.4,78
2010/4/16,11:20:00,3434.8,3435.0,3434.2,3434.4,89
2010/4/16,11:21:00,3434.2,3434.6,3433.8,3434.2,81
2010/4/16,11:22:00,3434.2,3435.0,3434.2,3434.8,131
2010/4/16,11:23:00,3435.2,3435.6,3434.4,3434.8,101
2010/4/16,11:24:00,3434.8,3434.8,3433.0,3433.2,165
2010/4/16,11:25:00,3433.2,3434.2,3433.2,3433.8,105
2010/4/16,11:26:00,3433.8,3434.4,3433.4,3433.6,143
2010/4/16,11:27:00,3433.8,3434.6,3433.6,3434.0,70
2010/4/16,11:28:00,3434.2,3434.6,3433.8,3434.2,57
2010/4/16,11:29:00,3434.2,3434.6,3433.8,3433.8,87
2010/4/16,11:30:00,3433.8,3434.0,3433.6,3433.6,90
2010/4/16,13:01:00,3433.6,3434.0,3433.2,3433.6,52
2010/4/16,13:02:00,3433.8,3434.0,3433.4,3433.6,40
2010/4/16,13:03:00,3433.6,3433.6,3432.2,3433.0,82
2010/4/16,13:04:00,3432.6,3433.0,3432.4,3432.4,82
2010/4/16,13:05:00,3432.4,3432.6,3431.8,3432.6,133
2010/4/16,13:06:00,3432.4,3432.8,3432.4,3432.4,56
2010/4/16,13:07:00,3432.4,3432.6,3431.2,3431.2,89
2010/4/16,13:08:00,3431.2,3432.0,3431.2,3431.8,114
2010/4/16,13:09:00,3431.6,3432.0,3431.6,3432.0,50
2010/4/16,13:10:00,3431.8,3432.0,3431.8,3431.8,53
2010/4/16,13:11:00,3431.8,3432.2,3431.6,3432.2,83
2010/4/16,13:12:00,3432.4,3432.8,3431.8,3431.8,127
2010/4/16,13:13:00,3432.0,3432.4,3431.6,3432.4,69
2010/4/16,13:14:00,3432.4,3432.6,3432.2,3432.4,49
2010/4/16,13:15:00,3432.4,3432.8,3432.2,3432.6,135
2010/4/16,13:16:00,3432.6,3432.6,3431.4,3431.8,97
2010/4/16,13:17:00,3432.0,3432.2,3431.8,3432.0,81
2010/4/16,13:18:00,3432.0,3432.2,3431.8,3432.2,57
2010/4/16,13:19:00,3432.0,3432.4,3432.0,3432.2,46
2010/4/16,13:20:00,3432.2,3432.6,3432.0,3432.6,84
2010/4/16,13:21:00,3432.6,3432.8,3432.0,3432.0,107
2010/4/16,13:22:00,3432.0,3432.0,3431.0,3431.4,190
2010/4/16,13:23:00,3431.4,3431.6,3431.0,3431.4,161
2010/4/16,13:24:00,3431.6,3432.2,3431.4,3431.8,110
2010/4/16,13:25:00,3431.8,3432.0,3431.4,3431.4,107
2010/4/16,13:26:00,3431.6,3431.6,3430.2,3431.0,184
2010/4/16,13:27:00,3431.0,3431.2,3430.8,3431.0,94
2010/4/16,13:28:00,3431.0,3431.2,3430.8,3431.2,64
2010/4/16,13:29:00,3431.2,3431.8,3431.0,3431.8,84
2010/4/16,13:30:00,3431.8,3431.8,3431.4,3431.4,57
2010/4/16,13:31:00,3431.6,3431.6,3431.0,3431.0,50
2010/4/16,13:32:00,3431.0,3431.4,3430.8,3431.0,92
2010/4/16,13:33:00,3431.0,3431.8,3431.0,3431.8,75
2010/4/16,13:34:00,3432.0,3432.8,3431.8,3432.8,196
2010/4/16,13:35:00,3432.8,3435.8,3432.6,3435.6,240
2010/4/16,13:36:00,3436.0,3436.0,3434.6,3435.4,239
2010/4/16,13:37:00,3435.4,3435.8,3435.2,3435.4,138
2010/4/16,13:38:00,3435.2,3436.6,3435.2,3436.6,247
2010/4/16,13:39:00,3436.6,3438.4,3436.4,3437.2,329
2010/4/16,13:40:00,3437.2,3438.0,3437.0,3438.0,198
2010/4/16,13:41:00,3437.8,3439.2,3437.8,3437.8,271
2010/4/16,13:42:00,3437.4,3438.0,3437.4,3438.0,151
2010/4/16,13:43:00,3438.2,3438.2,3437.6,3437.6,210
2010/4/16,13:44:00,3437.6,3438.2,3437.4,3437.6,180
2010/4/16,13:45:00,3437.8,3439.6,3437.8,3439.4,200
2010/4/16,13:46:00,3438.8,3439.0,3438.0,3438.0,193
2010/4/16,13:47:00,3438.0,3438.4,3437.8,3438.2,122
2010/4/16,13:48:00,3438.0,3439.0,3438.0,3439.0,174
2010/4/16,13:49:00,3439.0,3439.0,3437.4,3437.6,222
2010/4/16,13:50:00,3437.4,3437.8,3437.0,3437.8,157
2010/4/16,13:51:00,3437.6,3438.0,3437.0,3437.0,183
2010/4/16,13:52:00,3437.0,3437.4,3436.6,3437.0,252
2010/4/16,13:53:00,3437.0,3437.8,3437.0,3437.6,95
2010/4/16,13:54:00,3437.6,3438.4,3437.4,3437.8,173
2010/4/16,13:55:00,3437.2,3437.4,3436.6,3437.2,139
2010/4/16,13:56:00,3437.4,3437.4,3436.6,3437.0,156
2010/4/16,13:57:00,3437.0,3437.6,3436.8,3437.0,147
2010/4/16,13:58:00,3437.4,3437.6,3437.2,3437.6,49
2010/4/16,13:59:00,3437.6,3447.8,3437.6,3444.2,480
2010/4/16,14:00:00,3444.8,3447.0,3444.6,3446.2,539
2010/4/16,14:01:00,3447.0,3447.4,3446.0,3446.4,373
2010/4/16,14:02:00,3446.2,3447.6,3446.2,3446.8,207
2010/4/16,14:03:00,3447.0,3447.4,3446.0,3446.6,214
2010/4/16,14:04:00,3446.6,3447.4,3446.4,3446.8,163
2010/4/16,14:05:00,3446.8,3447.6,3445.6,3445.6,308
2010/4/16,14:06:00,3445.6,3446.6,3445.4,3446.6,151
2010/4/16,14:07:00,3446.4,3448.0,3446.4,3446.8,247
2010/4/16,14:08:00,3447.2,3447.4,3446.8,3447.2,91
2010/4/16,14:09:00,3447.2,3447.2,3446.8,3447.0,133
2010/4/16,14:10:00,3447.0,3449.8,3446.8,3448.2,391
2010/4/16,14:11:00,3448.2,3448.6,3445.8,3445.8,312
2010/4/16,14:12:00,3445.6,3446.0,3443.8,3443.8,454
2010/4/16,14:13:00,3444.0,3444.6,3443.8,3444.2,286
2010/4/16,14:14:00,3444.2,3445.0,3443.4,3444.8,199
2010/4/16,14:15:00,3444.6,3444.8,3443.8,3444.2,191
2010/4/16,14:16:00,3444.4,3444.4,3443.8,3444.0,148
2010/4/16,14:17:00,3444.2,3444.4,3444.0,3444.2,172
2010/4/16,14:18:00,3444.2,3444.4,3441.2,3442.0,262
2010/4/16,14:19:00,3442.2,3443.0,3442.0,3442.4,142
2010/4/16,14:20:00,3442.2,3442.2,3439.0,3439.8,352
2010/4/16,14:21:00,3439.2,3440.2,3439.0,3439.6,302
2010/4/16,14:22:00,3440.0,3440.6,3439.8,3440.0,169
2010/4/16,14:23:00,3440.0,3440.4,3438.8,3439.4,254
2010/4/16,14:24:00,3439.6,3440.6,3439.2,3440.4,164
2010/4/16,14:25:00,3440.6,3441.0,3440.2,3440.8,142
2010/4/16,14:26:00,3440.8,3441.6,3439.6,3439.6,157
2010/4/16,14:27:00,3440.0,3440.8,3438.0,3438.4,165
2010/4/16,14:28:00,3438.8,3439.6,3438.0,3439.4,166
2010/4/16,14:29:00,3439.4,3439.4,3438.0,3439.0,150
2010/4/16,14:30:00,3439.0,3440.4,3439.0,3439.4,159
2010/4/16,14:31:00,3439.6,3439.8,3437.6,3437.6,182
2010/4/16,14:32:00,3437.4,3438.2,3436.0,3438.2,206
2010/4/16,14:33:00,3438.0,3439.4,3438.0,3438.8,162
2010/4/16,14:34:00,3438.8,3439.0,3437.4,3437.8,144
2010/4/16,14:35:00,3437.6,3438.0,3437.2,3437.6,183
2010/4/16,14:36:00,3437.4,3437.4,3434.4,3434.4,335
2010/4/16,14:37:00,3434.6,3435.4,3433.4,3433.6,320
2010/4/16,14:38:00,3433.4,3435.0,3433.4,3435.0,214
2010/4/16,14:39:00,3435.0,3435.2,3434.0,3434.4,230
2010/4/16,14:40:00,3434.4,3435.6,3434.2,3435.2,177
2010/4/16,14:41:00,3435.2,3435.6,3434.8,3435.2,159
2010/4/16,14:42:00,3435.4,3435.4,3434.4,3434.8,127
2010/4/16,14:43:00,3434.6,3435.2,3434.4,3435.2,135
2010/4/16,14:44:00,3435.2,3436.0,3435.0,3435.4,232
2010/4/16,14:45:00,3435.6,3435.6,3434.2,3434.4,152
2010/4/16,14:46:00,3434.6,3435.0,3434.0,3434.4,156
2010/4/16,14:47:00,3434.4,3434.6,3433.6,3434.2,190
2010/4/16,14:48:00,3434.4,3435.4,3433.8,3435.0,152
2010/4/16,14:49:00,3435.2,3435.6,3434.8,3435.4,258
2010/4/16,14:50:00,3435.4,3435.8,3435.2,3435.6,118
2010/4/16,14:51:00,3435.4,3435.4,3434.2,3434.4,120
2010/4/16,14:52:00,3434.4,3435.2,3434.2,3435.0,86
2010/4/16,14:53:00,3435.6,3436.0,3435.0,3435.4,147
2010/4/16,14:54:00,3435.2,3435.4,3433.8,3434.6,187
2010/4/16,14:55:00,3434.4,3435.0,3432.4,3432.4,152
2010/4/16,14:56:00,3433.0,3433.0,3430.4,3430.4,341
2010/4/16,14:57:00,3430.2,3430.6,3423.4,3427.8,470
2010/4/16,14:58:00,3427.4,3428.4,3427.4,3427.8,165
2010/4/16,14:59:00,3428.0,3429.8,3427.8,3428.4,204
2010/4/16,15:00:00,3428.2,3428.2,3425.2,3426.0,253
2010/4/16,15:01:00,3426.0,3428.6,3425.8,3428.2,123
2010/4/16,15:02:00,3428.2,3428.6,3427.2,3428.0,108
2010/4/16,15:03:00,3427.8,3428.4,3425.0,3425.0,195
2010/4/16,15:04:00,3425.8,3425.8,3416.0,3418.0,390
2010/4/16,15:05:00,3418.0,3419.4,3416.0,3419.0,280
2010/4/16,15:06:00,3419.0,3419.4,3414.0,3415.6,342
2010/4/16,15:07:00,3415.6,3418.0,3415.6,3418.0,265
2010/4/16,15:08:00,3417.8,3418.8,3415.8,3415.8,223
2010/4/16,15:09:00,3415.4,3416.2,3413.2,3415.8,350
2010/4/16,15:10:00,3416.0,3417.2,3414.0,3415.2,179
2010/4/16,15:11:00,3415.2,3418.0,3415.2,3417.8,153
2010/4/16,15:12:00,3418.6,3418.6,3416.6,3417.2,211
2010/4/16,15:13:00,3417.0,3418.6,3416.0,3416.0,196
2010/4/16,15:14:00,3416.0,3416.8,3415.6,3416.0,148
2010/4/16,15:15:00,3416.6,3416.6,3414.2,3415.6,223
2010/4/19,09:16:00,3396.0,3396.2,3391.8,3392.0,570
2010/4/19,09:17:00,3391.2,3396.0,3391.2,3394.8,288
2010/4/19,09:18:00,3394.8,3394.8,3392.2,3392.8,185
2010/4/19,09:19:00,3392.4,3394.4,3392.4,3393.6,136
2010/4/19,09:20:00,3393.6,3393.8,3391.8,3391.8,153
2010/4/19,09:21:00,3391.6,3391.6,3386.0,3388.4,361
2010/4/19,09:22:00,3388.4,3389.8,3388.2,3389.0,165
2010/4/19,09:23:00,3388.6,3389.4,3388.6,3388.8,138
2010/4/19,09:24:00,3388.8,3389.0,3385.8,3388.0,304
2010/4/19,09:25:00,3388.0,3390.0,3388.0,3389.4,216
2010/4/19,09:26:00,3389.8,3389.8,3387.8,3388.0,103
2010/4/19,09:27:00,3388.2,3389.4,3388.0,3388.8,112
2010/4/19,09:28:00,3388.8,3389.4,3387.0,3387.0,160
2010/4/19,09:29:00,3387.0,3387.0,3384.2,3385.8,265
2010/4/19,09:30:00,3386.0,3387.0,3385.8,3386.6,141
2010/4/19,09:31:00,3386.8,3389.0,3386.0,3388.2,305
2010/4/19,09:32:00,3388.6,3388.6,3386.6,3387.2,240
2010/4/19,09:33:00,3387.4,3389.2,3386.6,3387.4,312
2010/4/19,09:34:00,3387.2,3388.6,3387.2,3388.2,158
2010/4/19,09:35:00,3388.8,3388.8,3386.4,3386.4,279
2010/4/19,09:36:00,3387.0,3387.0,3385.6,3386.4,241
2010/4/19,09:37:00,3386.6,3386.6,3381.0,3384.0,378
2010/4/19,09:38:00,3383.0,3384.8,3383.0,3384.4,214
2010/4/19,09:39:00,3384.8,3384.8,3383.0,3383.2,270
2010/4/19,09:40:00,3383.0,3384.8,3382.8,3384.0,338
2010/4/19,09:41:00,3384.6,3384.6,3380.6,3380.6,251
2010/4/19,09:42:00,3380.2,3382.6,3380.2,3382.0,329
2010/4/19,09:43:00,3381.8,3382.2,3381.4,3382.0,255
2010/4/19,09:44:00,3382.0,3382.2,3381.0,3381.0,256
2010/4/19,09:45:00,3381.0,3382.8,3379.8,3382.0,332
2010/4/19,09:46:00,3382.0,3382.8,3381.8,3382.8,243
2010/4/19,09:47:00,3382.8,3383.4,3382.2,3382.2,212
2010/4/19,09:48:00,3382.2,3383.0,3380.0,3383.0,307
2010/4/19,09:49:00,3383.0,3383.4,3382.4,3383.4,230
2010/4/19,09:50:00,3383.4,3383.4,3382.6,3382.8,171
2010/4/19,09:51:00,3382.8,3383.0,3382.0,3382.4,137
2010/4/19,09:52:00,3382.4,3383.8,3382.4,3383.6,172
2010/4/19,09:53:00,3383.6,3383.6,3382.8,3382.8,105
2010/4/19,09:54:00,3383.0,3384.4,3382.8,3383.8,220
2010/4/19,09:55:00,3383.8,3384.0,3383.2,3383.6,166
2010/4/19,09:56:00,3383.8,3383.8,3382.8,3383.4,173
2010/4/19,09:57:00,3383.2,3384.0,3383.0,3383.4,294
2010/4/19,09:58:00,3383.2,3383.6,3381.8,3382.2,329
2010/4/19,09:59:00,3382.4,3383.6,3382.2,3383.6,231
2010/4/19,10:00:00,3383.6,3383.6,3380.2,3380.2,318
2010/4/19,10:01:00,3380.6,3380.8,3378.2,3379.6,571
2010/4/19,10:02:00,3379.8,3380.8,3379.8,3380.4,228
2010/4/19,10:03:00,3380.4,3380.4,3377.0,3377.2,311
2010/4/19,10:04:00,3377.6,3378.2,3377.2,3377.6,279
2010/4/19,10:05:00,3378.0,3379.0,3377.6,3378.0,162
2010/4/19,10:06:00,3378.0,3378.2,3375.0,3375.2,324
2010/4/19,10:07:00,3375.2,3376.8,3372.2,3373.6,260
2010/4/19,10:08:00,3373.0,3373.8,3371.2,3371.4,278
2010/4/19,10:09:00,3371.4,3372.2,3370.2,3371.6,325
2010/4/19,10:10:00,3371.8,3372.2,3369.2,3369.2,263
2010/4/19,10:11:00,3370.2,3371.4,3369.2,3370.4,289
2010/4/19,10:12:00,3370.4,3370.6,3365.2,3366.6,388
2010/4/19,10:13:00,3366.8,3367.8,3366.0,3366.0,202
2010/4/19,10:14:00,3365.6,3365.6,3361.6,3363.8,351
2010/4/19,10:15:00,3363.8,3364.2,3361.6,3362.8,330
2010/4/19,10:16:00,3362.6,3363.8,3361.6,3362.0,347
2010/4/19,10:17:00,3361.6,3361.6,3359.0,3359.0,542
2010/4/19,10:18:00,3358.8,3362.4,3358.8,3361.6,394
2010/4/19,10:19:00,3361.6,3361.6,3360.4,3361.6,255
2010/4/19,10:20:00,3361.4,3361.4,3359.4,3361.0,244
2010/4/19,10:21:00,3361.0,3363.0,3361.0,3363.0,323
2010/4/19,10:22:00,3363.0,3363.8,3362.4,3362.6,284
2010/4/19,10:23:00,3362.6,3363.0,3361.8,3362.4,166
2010/4/19,10:24:00,3362.4,3363.8,3362.2,3363.0,175
2010/4/19,10:25:00,3363.0,3363.0,3361.6,3362.0,216
2010/4/19,10:26:00,3361.8,3362.6,3361.6,3362.6,114
2010/4/19,10:27:00,3362.8,3362.8,3361.4,3361.4,151
2010/4/19,10:28:00,3361.0,3361.0,3358.8,3359.8,504
2010/4/19,10:29:00,3359.6,3362.6,3359.6,3362.6,193
2010/4/19,10:30:00,3362.4,3367.0,3361.4,3366.0,538
2010/4/19,10:31:00,3365.4,3365.4,3363.2,3363.2,410
2010/4/19,10:32:00,3363.4,3363.8,3362.0,3362.2,273
2010/4/19,10:33:00,3362.2,3362.8,3359.2,3359.2,328
2010/4/19,10:34:00,3360.0,3361.6,3358.8,3361.6,327
2010/4/19,10:35:00,3362.0,3364.8,3361.2,3364.8,392
2010/4/19,10:36:00,3365.2,3366.2,3364.0,3366.0,414
2010/4/19,10:37:00,3366.6,3368.2,3366.4,3366.8,441
2010/4/19,10:38:00,3367.0,3367.4,3365.0,3366.4,316
2010/4/19,10:39:00,3366.4,3367.4,3366.0,3366.4,181
2010/4/19,10:40:00,3366.8,3366.8,3365.0,3366.6,221
2010/4/19,10:41:00,3366.8,3367.6,3365.6,3365.8,202
2010/4/19,10:42:00,3365.6,3365.8,3364.6,3365.0,204
2010/4/19,10:43:00,3365.0,3366.0,3365.0,3366.0,120
2010/4/19,10:44:00,3365.8,3366.0,3364.4,3365.2,186
2010/4/19,10:45:00,3365.4,3366.4,3365.4,3365.6,146
2010/4/19,10:46:00,3365.8,3366.4,3365.4,3365.8,165
2010/4/19,10:47:00,3365.8,3366.0,3361.2,3361.2,494
2010/4/19,10:48:00,3361.0,3361.2,3356.0,3356.2,617
2010/4/19,10:49:00,3356.0,3358.0,3356.0,3356.6,447
2010/4/19,10:50:00,3356.4,3359.0,3355.4,3358.8,570
2010/4/19,10:51:00,3358.6,3358.8,3356.6,3358.0,302
2010/4/19,10:52:00,3358.0,3358.0,3353.0,3354.6,458
2010/4/19,10:53:00,3355.0,3355.2,3351.8,3352.0,414
2010/4/19,10:54:00,3352.0,3354.8,3351.0,3351.0,317
2010/4/19,10:55:00,3350.8,3351.6,3349.2,3351.0,397
2010/4/19,10:56:00,3351.2,3351.2,3346.2,3347.4,409
2010/4/19,10:57:00,3347.6,3348.6,3347.4,3347.8,300
2010/4/19,10:58:00,3347.2,3348.6,3345.4,3347.8,400
2010/4/19,10:59:00,3347.8,3351.2,3347.6,3350.2,396
2010/4/19,11:00:00,3349.8,3350.2,3349.0,3349.6,221
2010/4/19,11:01:00,3349.6,3350.2,3348.0,3348.2,195
2010/4/19,11:02:00,3348.0,3348.0,3342.4,3345.4,492
2010/4/19,11:03:00,3345.4,3345.8,3341.0,3341.0,413
2010/4/19,11:04:00,3341.0,3343.0,3339.0,3340.0,551
2010/4/19,11:05:00,3339.0,3340.6,3338.0,3339.0,346
2010/4/19,11:06:00,3339.0,3339.0,3335.8,3337.4,599
2010/4/19,11:07:00,3337.2,3337.4,3333.8,3333.8,455
2010/4/19,11:08:00,3334.0,3336.4,3333.0,3333.0,362
2010/4/19,11:09:00,3332.4,3334.2,3332.2,3332.2,356
2010/4/19,11:10:00,3331.8,3333.8,3331.2,3332.6,472
2010/4/19,11:11:00,3332.6,3335.4,3332.2,3334.2,471
2010/4/19,11:12:00,3334.8,3335.2,3334.0,3335.0,318
2010/4/19,11:13:00,3334.8,3334.8,3332.2,3333.4,320
2010/4/19,11:14:00,3334.0,3334.4,3332.4,3333.0,284
2010/4/19,11:15:00,3332.4,3332.4,3328.4,3332.0,606
2010/4/19,11:16:00,3331.8,3333.8,3331.8,3333.2,297
2010/4/19,11:17:00,3333.2,3334.0,3333.0,3333.6,235
2010/4/19,11:18:00,3333.6,3333.6,3328.0,3330.2,668
2010/4/19,11:19:00,3329.8,3331.0,3328.0,3328.6,482
2010/4/19,11:20:00,3329.2,3331.2,3328.8,3331.2,302
2010/4/19,11:21:00,3331.2,3331.2,3323.2,3325.0,584
2010/4/19,11:22:00,3324.4,3324.4,3318.0,3319.4,686
2010/4/19,11:23:00,3319.4,3319.6,3316.0,3318.0,444
2010/4/19,11:24:00,3318.0,3319.2,3312.0,3313.2,449
2010/4/19,11:25:00,3313.2,3316.0,3313.2,3314.4,379
2010/4/19,11:26:00,3314.4,3314.4,3303.2,3305.8,602
2010/4/19,11:27:00,3305.8,3307.0,3301.2,3303.0,588
2010/4/19,11:28:00,3303.6,3304.6,3301.0,3301.0,580
2010/4/19,11:29:00,3301.0,3301.8,3297.0,3297.6,640
2010/4/19,11:30:00,3297.6,3300.0,3297.0,3298.8,418
2010/4/19,13:01:00,3299.6,3301.0,3298.0,3298.4,437
2010/4/19,13:02:00,3298.4,3300.6,3297.2,3300.2,396
2010/4/19,13:03:00,3300.2,3301.6,3298.0,3301.0,450
2010/4/19,13:04:00,3301.4,3303.0,3300.2,3302.8,342
2010/4/19,13:05:00,3302.8,3303.0,3299.2,3300.4,368
2010/4/19,13:06:00,3300.0,3301.0,3298.4,3300.8,275
2010/4/19,13:07:00,3301.0,3301.0,3293.0,3294.6,457
2010/4/19,13:08:00,3295.0,3298.8,3295.0,3298.4,382
2010/4/19,13:09:00,3298.4,3303.4,3298.4,3302.4,521
2010/4/19,13:10:00,3302.4,3302.4,3300.0,3300.8,262
2010/4/19,13:11:00,3301.0,3302.0,3300.2,3300.2,237
2010/4/19,13:12:00,3300.2,3301.0,3298.0,3300.6,285
2010/4/19,13:13:00,3300.2,3300.2,3298.4,3299.8,286
2010/4/19,13:14:00,3299.8,3299.8,3296.0,3298.4,319
2010/4/19,13:15:00,3298.6,3298.6,3295.8,3296.2,399
2010/4/19,13:16:00,3296.4,3297.6,3295.0,3296.0,364
2010/4/19,13:17:00,3295.8,3295.8,3288.8,3288.8,718
2010/4/19,13:18:00,3288.0,3290.6,3287.0,3288.8,572
2010/4/19,13:19:00,3288.4,3290.4,3287.2,3288.0,478
2010/4/19,13:20:00,3287.8,3290.6,3286.6,3289.4,550
2010/4/19,13:21:00,3289.4,3293.2,3289.4,3290.8,558
2010/4/19,13:22:00,3291.0,3293.0,3291.0,3292.0,381
2010/4/19,13:23:00,3291.6,3292.0,3289.4,3292.0,317
2010/4/19,13:24:00,3292.0,3293.0,3290.4,3291.8,294
2010/4/19,13:25:00,3291.4,3294.2,3290.8,3294.0,360
2010/4/19,13:26:00,3294.0,3294.0,3291.2,3293.4,348
2010/4/19,13:27:00,3293.4,3293.4,3288.0,3290.6,375
2010/4/19,13:28:00,3290.8,3293.8,3289.4,3293.6,421
2010/4/19,13:29:00,3293.8,3297.0,3292.2,3295.2,546
2010/4/19,13:30:00,3295.8,3298.0,3295.8,3295.8,543
2010/4/19,13:31:00,3296.0,3296.2,3294.2,3295.2,273
2010/4/19,13:32:00,3295.2,3295.2,3293.6,3293.6,309
2010/4/19,13:33:00,3294.0,3294.8,3291.6,3293.8,387
2010/4/19,13:34:00,3294.0,3297.6,3293.6,3297.6,329
2010/4/19,13:35:00,3298.0,3298.4,3293.0,3293.8,393
2010/4/19,13:36:00,3294.0,3294.6,3292.4,3292.4,332
2010/4/19,13:37:00,3292.4,3294.4,3292.0,3293.8,270
2010/4/19,13:38:00,3294.0,3294.0,3289.8,3289.8,425
2010/4/19,13:39:00,3289.8,3291.4,3287.0,3287.0,532
2010/4/19,13:40:00,3287.0,3287.0,3281.6,3282.0,696
2010/4/19,13:41:00,3282.0,3283.2,3280.2,3280.2,529
2010/4/19,13:42:00,3280.2,3282.0,3279.2,3281.2,473
2010/4/19,13:43:00,3281.4,3281.4,3280.0,3281.0,426
2010/4/19,13:44:00,3281.0,3283.6,3281.0,3282.4,305
2010/4/19,13:45:00,3282.2,3283.8,3281.8,3283.6,344
2010/4/19,13:46:00,3283.6,3284.2,3280.2,3280.8,298
2010/4/19,13:47:00,3281.0,3283.6,3280.8,3282.4,294
2010/4/19,13:48:00,3282.6,3287.8,3282.6,3287.8,454
2010/4/19,13:49:00,3287.4,3287.4,3284.6,3286.6,336
2010/4/19,13:50:00,3286.2,3286.8,3285.0,3285.6,204
2010/4/19,13:51:00,3285.6,3285.8,3283.4,3284.8,263
2010/4/19,13:52:00,3284.8,3286.0,3283.4,3284.6,291
2010/4/19,13:53:00,3284.6,3284.8,3283.6,3284.2,197
2010/4/19,13:54:00,3284.2,3285.0,3283.6,3285.0,170
2010/4/19,13:55:00,3285.0,3286.4,3283.6,3284.0,309
2010/4/19,13:56:00,3284.0,3288.8,3284.0,3287.8,399
2010/4/19,13:57:00,3288.0,3294.2,3287.0,3291.2,669
2010/4/19,13:58:00,3291.8,3292.0,3290.0,3292.0,410
2010/4/19,13:59:00,3291.8,3292.6,3289.2,3290.8,474
2010/4/19,14:00:00,3290.8,3291.6,3289.0,3289.6,449
2010/4/19,14:01:00,3289.2,3289.6,3286.0,3287.2,416
2010/4/19,14:02:00,3287.0,3287.0,3277.8,3277.8,606
2010/4/19,14:03:00,3277.6,3277.8,3272.8,3272.8,790
2010/4/19,14:04:00,3274.0,3274.0,3266.8,3267.8,759
2010/4/19,14:05:00,3268.4,3268.4,3263.2,3266.0,557
2010/4/19,14:06:00,3265.8,3265.8,3256.0,3257.6,805
2010/4/19,14:07:00,3257.6,3258.8,3253.8,3257.2,575
2010/4/19,14:08:00,3257.2,3257.6,3251.2,3254.0,566
2010/4/19,14:09:00,3254.6,3257.8,3253.6,3254.4,504
2010/4/19,14:10:00,3253.8,3255.6,3252.0,3254.0,427
2010/4/19,14:11:00,3253.4,3254.4,3242.0,3242.0,715
2010/4/19,14:12:00,3241.0,3241.0,3232.4,3240.2,737
2010/4/19,14:13:00,3240.2,3240.2,3234.8,3235.0,570
2010/4/19,14:14:00,3235.0,3237.8,3228.8,3228.8,727
2010/4/19,14:15:00,3229.0,3234.0,3228.2,3233.8,817
2010/4/19,14:16:00,3233.4,3233.6,3225.2,3228.0,799
2010/4/19,14:17:00,3227.2,3228.2,3220.0,3220.4,843
2010/4/19,14:18:00,3219.2,3221.4,3216.0,3217.8,1016
2010/4/19,14:19:00,3217.4,3217.4,3205.2,3206.4,892
2010/4/19,14:20:00,3206.4,3214.0,3206.2,3212.4,946
2010/4/19,14:21:00,3211.4,3218.0,3209.2,3216.8,905
2010/4/19,14:22:00,3216.6,3217.8,3215.0,3215.0,555
2010/4/19,14:23:00,3215.2,3225.0,3212.8,3224.8,656
2010/4/19,14:24:00,3224.2,3224.2,3217.2,3220.0,495
2010/4/19,14:25:00,3220.0,3221.0,3215.0,3218.6,459
2010/4/19,14:26:00,3218.6,3218.6,3216.0,3217.0,391
2010/4/19,14:27:00,3217.0,3217.6,3213.2,3215.6,562
2010/4/19,14:28:00,3215.2,3216.0,3210.2,3214.2,517
2010/4/19,14:29:00,3214.4,3222.0,3214.4,3218.8,562
2010/4/19,14:30:00,3218.6,3218.6,3215.4,3216.0,410
2010/4/19,14:31:00,3217.0,3222.0,3216.0,3221.8,407
2010/4/19,14:32:00,3221.2,3222.0,3216.6,3218.0,482
2010/4/19,14:33:00,3218.0,3218.2,3214.2,3216.0,460
2010/4/19,14:34:00,3215.6,3216.0,3204.6,3204.6,660
2010/4/19,14:35:00,3202.8,3208.2,3202.4,3206.0,879
2010/4/19,14:36:00,3205.8,3207.0,3196.0,3196.6,832
2010/4/19,14:37:00,3196.4,3202.0,3195.2,3197.6,660
2010/4/19,14:38:00,3197.6,3197.6,3193.0,3193.4,541
2010/4/19,14:39:00,3192.8,3198.8,3192.8,3194.8,540
2010/4/19,14:40:00,3195.0,3199.6,3194.0,3197.2,591
2010/4/19,14:41:00,3197.4,3198.6,3195.4,3195.8,386
2010/4/19,14:42:00,3195.8,3209.0,3195.8,3204.8,846
2010/4/19,14:43:00,3205.0,3205.2,3201.4,3203.0,298
2010/4/19,14:44:00,3202.6,3206.2,3201.8,3206.2,322
2010/4/19,14:45:00,3206.4,3206.4,3196.2,3196.2,664
2010/4/19,14:46:00,3195.0,3195.4,3184.8,3187.4,905
2010/4/19,14:47:00,3187.2,3189.8,3185.4,3188.0,549
2010/4/19,14:48:00,3188.0,3188.0,3179.2,3182.2,728
2010/4/19,14:49:00,3182.4,3187.0,3179.2,3182.0,585
2010/4/19,14:50:00,3182.0,3188.0,3182.0,3185.8,533
2010/4/19,14:51:00,3185.4,3187.8,3183.6,3185.4,348
2010/4/19,14:52:00,3185.8,3189.6,3184.0,3184.0,568
2010/4/19,14:53:00,3184.0,3198.0,3183.0,3192.4,599
2010/4/19,14:54:00,3192.6,3193.0,3186.8,3190.6,406
2010/4/19,14:55:00,3190.2,3190.2,3186.4,3186.4,393
2010/4/19,14:56:00,3186.2,3192.6,3185.6,3190.8,411
2010/4/19,14:57:00,3192.4,3195.4,3191.2,3192.4,457
2010/4/19,14:58:00,3192.4,3193.8,3190.0,3192.0,326
2010/4/19,14:59:00,3192.0,3206.0,3191.8,3202.0,839
2010/4/19,15:00:00,3201.8,3203.0,3198.0,3199.0,464
2010/4/19,15:01:00,3198.6,3199.4,3195.4,3198.0,345
2010/4/19,15:02:00,3198.0,3199.0,3189.8,3190.0,579
2010/4/19,15:03:00,3190.0,3190.6,3175.2,3181.0,973
2010/4/19,15:04:00,3181.0,3181.0,3168.4,3173.2,618
2010/4/19,15:05:00,3174.0,3180.8,3174.0,3180.2,367
2010/4/19,15:06:00,3180.2,3181.6,3178.0,3180.4,334
2010/4/19,15:07:00,3180.4,3185.4,3178.0,3183.6,429
2010/4/19,15:08:00,3183.8,3187.0,3180.2,3187.0,332
2010/4/19,15:09:00,3187.0,3188.0,3183.0,3184.0,261
2010/4/19,15:10:00,3183.6,3195.0,3183.4,3190.8,539
2010/4/19,15:11:00,3191.4,3195.0,3190.4,3193.0,335
2010/4/19,15:12:00,3192.6,3193.0,3191.2,3192.0,232
2010/4/19,15:13:00,3192.0,3198.0,3191.2,3196.0,407
2010/4/19,15:14:00,3196.0,3197.8,3194.0,3197.0,417
2010/4/19,15:15:00,3197.6,3198.6,3197.0,3197.8,389
2010/4/20,09:16:00,3209.2,3219.0,3204.8,3212.8,816
2010/4/20,09:17:00,3213.0,3213.6,3203.0,3206.6,593
2010/4/20,09:18:00,3206.4,3213.0,3203.8,3209.0,473
2010/4/20,09:19:00,3209.2,3213.0,3208.8,3211.8,403
2010/4/20,09:20:00,3211.6,3212.2,3208.6,3212.0,322
2010/4/20,09:21:00,3212.8,3216.8,3212.8,3214.6,536
2010/4/20,09:22:00,3214.6,3214.8,3213.4,3214.0,234
2010/4/20,09:23:00,3214.6,3215.4,3211.6,3215.4,256
2010/4/20,09:24:00,3216.0,3222.0,3216.0,3217.4,487
2010/4/20,09:25:00,3217.2,3218.8,3216.6,3218.8,291
2010/4/20,09:26:00,3218.8,3219.8,3215.8,3216.8,363
2010/4/20,09:27:00,3216.2,3216.6,3211.6,3214.8,460
2010/4/20,09:28:00,3215.0,3215.6,3213.8,3215.0,286
2010/4/20,09:29:00,3215.6,3218.0,3212.4,3213.2,364
2010/4/20,09:30:00,3214.4,3217.0,3214.0,3216.2,248
2010/4/20,09:31:00,3216.2,3224.6,3216.2,3219.0,703
2010/4/20,09:32:00,3218.4,3218.8,3213.8,3217.0,695
2010/4/20,09:33:00,3217.2,3217.4,3203.0,3207.6,939
2010/4/20,09:34:00,3207.0,3208.6,3196.2,3200.0,1062
2010/4/20,09:35:00,3200.4,3203.4,3200.0,3200.0,645
2010/4/20,09:36:00,3199.4,3203.0,3197.8,3200.0,576
2010/4/20,09:37:00,3199.6,3201.8,3196.2,3199.2,683
2010/4/20,09:38:00,3199.4,3200.6,3196.2,3200.0,618
2010/4/20,09:39:00,3200.0,3202.4,3196.4,3200.8,602
2010/4/20,09:40:00,3200.2,3201.0,3198.8,3200.0,547
2010/4/20,09:41:00,3200.0,3201.2,3194.2,3200.4,898
2010/4/20,09:42:00,3200.4,3203.4,3200.0,3201.4,617
2010/4/20,09:43:00,3200.8,3201.2,3198.6,3198.8,665
2010/4/20,09:44:00,3199.0,3202.8,3198.6,3200.6,597
2010/4/20,09:45:00,3200.0,3203.2,3200.0,3201.6,584
2010/4/20,09:46:00,3201.8,3201.8,3199.0,3200.2,327
2010/4/20,09:47:00,3200.2,3200.2,3187.0,3195.2,912
2010/4/20,09:48:00,3195.0,3196.8,3194.0,3195.0,520
2010/4/20,09:49:00,3195.0,3196.8,3195.0,3195.2,375
2010/4/20,09:50:00,3195.2,3196.4,3192.0,3195.2,485
2010/4/20,09:51:00,3195.6,3196.0,3193.8,3194.0,357
2010/4/20,09:52:00,3194.0,3196.4,3194.0,3196.4,341
2010/4/20,09:53:00,3196.4,3198.8,3196.4,3196.8,432
2010/4/20,09:54:00,3196.6,3197.6,3195.4,3196.0,241
2010/4/20,09:55:00,3196.0,3199.8,3196.0,3199.0,471
2010/4/20,09:56:00,3199.0,3202.0,3198.4,3200.0,532
2010/4/20,09:57:00,3202.0,3202.0,3199.8,3200.8,458
2010/4/20,09:58:00,3201.0,3203.4,3200.0,3203.4,460
2010/4/20,09:59:00,3204.0,3205.8,3203.0,3205.8,746
2010/4/20,10:00:00,3205.4,3211.6,3204.6,3211.6,763
2010/4/20,10:01:00,3211.0,3211.0,3207.8,3209.0,569
2010/4/20,10:02:00,3208.8,3209.0,3206.6,3209.0,478
2010/4/20,10:03:00,3209.4,3209.8,3207.6,3209.4,343
2010/4/20,10:04:00,3209.6,3210.4,3206.2,3207.4,419
2010/4/20,10:05:00,3207.2,3208.4,3206.2,3206.2,326
2010/4/20,10:06:00,3206.6,3208.0,3206.2,3206.2,309
2010/4/20,10:07:00,3206.2,3206.2,3205.2,3205.4,463
2010/4/20,10:08:00,3205.4,3206.6,3204.4,3205.0,425
2010/4/20,10:09:00,3205.0,3206.0,3204.2,3204.4,360
2010/4/20,10:10:00,3204.2,3205.8,3203.8,3205.0,345
2010/4/20,10:11:00,3205.2,3205.6,3203.6,3203.8,286
2010/4/20,10:12:00,3204.0,3205.0,3203.6,3204.8,329
2010/4/20,10:13:00,3204.8,3206.8,3204.0,3204.4,508
2010/4/20,10:14:00,3204.0,3204.6,3202.0,3203.8,527
2010/4/20,10:15:00,3203.6,3204.0,3202.6,3203.4,443
2010/4/20,10:16:00,3203.4,3204.4,3201.2,3201.2,478
2010/4/20,10:17:00,3200.4,3201.4,3198.0,3198.2,690
2010/4/20,10:18:00,3198.2,3201.8,3198.2,3200.8,520
2010/4/20,10:19:00,3200.8,3203.4,3200.8,3202.4,439
2010/4/20,10:20:00,3202.8,3208.0,3202.2,3207.0,679
2010/4/20,10:21:00,3206.8,3213.6,3206.6,3212.0,735
2010/4/20,10:22:00,3211.2,3215.0,3209.6,3215.0,682
2010/4/20,10:23:00,3215.2,3216.0,3212.2,3214.0,612
2010/4/20,10:24:00,3214.0,3216.0,3213.8,3215.6,588
2010/4/20,10:25:00,3216.0,3216.0,3212.0,3213.4,697
2010/4/20,10:26:00,3213.8,3215.2,3213.2,3213.8,377
2010/4/20,10:27:00,3214.0,3216.2,3214.0,3214.8,423
2010/4/20,10:28:00,3214.6,3214.6,3213.2,3213.6,316
2010/4/20,10:29:00,3213.4,3214.6,3210.2,3211.4,324
2010/4/20,10:30:00,3211.0,3213.4,3211.0,3213.0,214
2010/4/20,10:31:00,3213.0,3217.0,3213.0,3216.4,632
2010/4/20,10:32:00,3215.0,3216.4,3214.4,3215.2,469
2010/4/20,10:33:00,3214.8,3215.6,3213.4,3213.6,384
2010/4/20,10:34:00,3213.4,3214.4,3209.6,3210.0,722
2010/4/20,10:35:00,3210.0,3212.0,3207.8,3208.0,755
2010/4/20,10:36:00,3208.0,3208.4,3206.6,3207.0,598
2010/4/20,10:37:00,3207.0,3208.0,3206.8,3207.0,403
2010/4/20,10:38:00,3207.2,3207.2,3204.2,3204.4,544
2010/4/20,10:39:00,3204.4,3206.2,3204.4,3205.2,334
2010/4/20,10:40:00,3205.4,3206.0,3203.2,3206.0,515
2010/4/20,10:41:00,3206.2,3206.4,3204.2,3204.8,559
2010/4/20,10:42:00,3204.8,3205.4,3202.0,3205.2,692
2010/4/20,10:43:00,3205.2,3209.8,3205.0,3208.6,722
2010/4/20,10:44:00,3208.6,3208.6,3206.6,3207.0,370
2010/4/20,10:45:00,3207.6,3209.2,3207.0,3208.8,503
2010/4/20,10:46:00,3207.8,3213.0,3207.6,3210.2,558
2010/4/20,10:47:00,3210.6,3211.8,3209.8,3211.8,338
2010/4/20,10:48:00,3212.0,3212.0,3209.2,3210.4,359
2010/4/20,10:49:00,3210.6,3213.0,3210.4,3212.6,381
2010/4/20,10:50:00,3213.0,3215.0,3212.8,3214.0,508
2010/4/20,10:51:00,3214.2,3215.8,3212.2,3215.8,479
2010/4/20,10:52:00,3215.4,3218.6,3215.0,3216.4,782
2010/4/20,10:53:00,3216.4,3217.0,3215.6,3215.8,510
2010/4/20,10:54:00,3215.6,3215.8,3214.2,3214.6,433
2010/4/20,10:55:00,3214.6,3215.4,3213.6,3214.0,408
2010/4/20,10:56:00,3214.4,3215.0,3213.4,3213.6,273
2010/4/20,10:57:00,3213.8,3215.2,3213.2,3213.6,268
2010/4/20,10:58:00,3213.6,3214.0,3211.4,3211.6,500
2010/4/20,10:59:00,3211.4,3212.2,3210.4,3211.2,278
2010/4/20,11:00:00,3211.0,3212.2,3210.6,3212.0,368
2010/4/20,11:01:00,3211.6,3212.2,3210.0,3211.2,407
2010/4/20,11:02:00,3211.2,3211.2,3209.2,3210.0,372
2010/4/20,11:03:00,3210.0,3211.4,3209.6,3209.6,405
2010/4/20,11:04:00,3209.6,3210.2,3208.0,3209.0,471
2010/4/20,11:05:00,3209.0,3209.8,3206.4,3206.4,556
2010/4/20,11:06:00,3206.8,3208.2,3206.2,3206.2,421
2010/4/20,11:07:00,3206.8,3206.8,3204.6,3205.0,798
2010/4/20,11:08:00,3205.2,3206.2,3204.4,3204.8,491
2010/4/20,11:09:00,3204.4,3205.6,3203.2,3204.2,686
2010/4/20,11:10:00,3204.2,3205.2,3204.0,3204.0,500
2010/4/20,11:11:00,3203.8,3206.2,3203.8,3205.8,403
2010/4/20,11:12:00,3205.6,3205.8,3203.0,3203.2,505
2010/4/20,11:13:00,3203.0,3205.8,3202.8,3205.4,374
2010/4/20,11:14:00,3205.6,3205.6,3200.0,3200.0,797
2010/4/20,11:15:00,3201.0,3202.2,3199.0,3200.0,681
2010/4/20,11:16:00,3199.8,3201.2,3198.2,3198.2,550
2010/4/20,11:17:00,3197.6,3202.4,3196.2,3197.8,752
2010/4/20,11:18:00,3197.8,3200.8,3197.6,3198.2,485
2010/4/20,11:19:00,3198.0,3199.0,3196.0,3196.4,684
2010/4/20,11:20:00,3196.0,3198.4,3196.0,3197.8,385
2010/4/20,11:21:00,3198.4,3199.8,3198.0,3198.2,365
2010/4/20,11:22:00,3199.0,3201.0,3199.0,3199.8,393
2010/4/20,11:23:00,3199.6,3201.2,3199.2,3199.6,317
2010/4/20,11:24:00,3199.2,3199.8,3198.4,3199.0,234
2010/4/20,11:25:00,3199.0,3202.4,3198.6,3201.0,340
2010/4/20,11:26:00,3200.6,3202.8,3200.2,3202.6,326
2010/4/20,11:27:00,3202.8,3205.0,3202.6,3204.0,453
2010/4/20,11:28:00,3203.8,3203.8,3202.2,3203.4,236
2010/4/20,11:29:00,3203.2,3204.6,3203.2,3203.6,263
2010/4/20,11:30:00,3203.6,3204.2,3203.4,3204.2,172
2010/4/20,13:01:00,3205.0,3206.2,3205.0,3205.6,342
2010/4/20,13:02:00,3206.0,3206.0,3204.0,3204.4,338
2010/4/20,13:03:00,3204.2,3204.4,3203.0,3203.4,303
2010/4/20,13:04:00,3203.8,3203.8,3202.6,3203.6,242
2010/4/20,13:05:00,3203.0,3204.4,3203.0,3203.2,151
2010/4/20,13:06:00,3203.4,3203.4,3202.6,3202.8,220
2010/4/20,13:07:00,3202.8,3204.4,3202.6,3203.2,170
2010/4/20,13:08:00,3203.4,3203.4,3201.2,3202.0,311
2010/4/20,13:09:00,3202.0,3202.6,3201.0,3201.0,302
2010/4/20,13:10:00,3200.6,3201.0,3198.6,3200.8,362
2010/4/20,13:11:00,3201.2,3201.4,3197.2,3197.2,420
2010/4/20,13:12:00,3197.0,3199.4,3196.0,3197.8,522
2010/4/20,13:13:00,3197.8,3198.2,3196.2,3196.6,473
2010/4/20,13:14:00,3197.0,3198.0,3196.6,3196.6,330
2010/4/20,13:15:00,3196.6,3196.6,3193.2,3195.0,680
2010/4/20,13:16:00,3194.2,3194.8,3191.2,3191.2,673
2010/4/20,13:17:00,3191.4,3191.4,3187.0,3188.6,678
2010/4/20,13:18:00,3188.6,3190.0,3188.0,3188.0,516
2010/4/20,13:19:00,3188.0,3189.8,3187.6,3188.8,363
2010/4/20,13:20:00,3189.2,3189.2,3185.4,3185.4,457
2010/4/20,13:21:00,3186.0,3189.4,3185.2,3188.2,501
2010/4/20,13:22:00,3188.8,3188.8,3187.2,3188.0,355
2010/4/20,13:23:00,3188.2,3188.8,3184.0,3185.2,636
2010/4/20,13:24:00,3185.6,3187.0,3181.2,3182.0,706
2010/4/20,13:25:00,3181.4,3184.8,3181.4,3183.8,502
2010/4/20,13:26:00,3183.8,3184.2,3178.0,3178.0,856
2010/4/20,13:27:00,3177.6,3178.4,3172.8,3173.2,980
2010/4/20,13:28:00,3174.0,3174.4,3171.0,3171.4,1016
2010/4/20,13:29:00,3171.6,3174.2,3171.6,3172.6,799
2010/4/20,13:30:00,3172.6,3175.0,3169.2,3175.0,930
2010/4/20,13:31:00,3174.4,3174.4,3172.6,3173.4,440
2010/4/20,13:32:00,3173.2,3177.0,3172.6,3175.2,729
2010/4/20,13:33:00,3175.0,3175.8,3174.2,3175.2,381
2010/4/20,13:34:00,3175.0,3175.2,3172.8,3174.8,454
2010/4/20,13:35:00,3175.0,3177.0,3174.2,3177.0,406
2010/4/20,13:36:00,3176.6,3178.6,3175.6,3176.4,572
2010/4/20,13:37:00,3176.6,3176.6,3174.2,3175.6,367
2010/4/20,13:38:00,3175.4,3176.6,3175.0,3175.0,404
2010/4/20,13:39:00,3175.0,3179.4,3175.0,3178.0,463
2010/4/20,13:40:00,3178.0,3179.4,3177.6,3178.6,359
2010/4/20,13:41:00,3178.8,3179.0,3177.4,3178.6,450
2010/4/20,13:42:00,3178.4,3181.0,3178.0,3178.0,644
2010/4/20,13:43:00,3179.0,3179.0,3175.0,3175.2,562
2010/4/20,13:44:00,3175.0,3178.0,3175.0,3175.4,531
2010/4/20,13:45:00,3175.0,3177.8,3175.0,3177.2,506
2010/4/20,13:46:00,3177.0,3182.2,3175.0,3182.2,710
2010/4/20,13:47:00,3183.0,3186.6,3180.8,3186.6,1048
2010/4/20,13:48:00,3186.8,3187.8,3183.8,3185.2,732
2010/4/20,13:49:00,3185.0,3186.0,3183.8,3186.0,521
2010/4/20,13:50:00,3186.2,3186.2,3184.8,3185.8,376
2010/4/20,13:51:00,3185.4,3186.2,3184.0,3185.2,559
2010/4/20,13:52:00,3185.2,3189.0,3185.0,3187.4,605
2010/4/20,13:53:00,3187.8,3187.8,3186.0,3187.0,284
2010/4/20,13:54:00,3187.0,3187.6,3185.6,3186.4,312
2010/4/20,13:55:00,3186.6,3188.4,3185.4,3186.2,442
2010/4/20,13:56:00,3186.2,3186.6,3183.0,3183.0,556
2010/4/20,13:57:00,3183.8,3185.0,3183.8,3183.8,625
2010/4/20,13:58:00,3183.8,3185.0,3181.2,3183.8,658
2010/4/20,13:59:00,3184.0,3184.0,3181.4,3181.6,465
2010/4/20,14:00:00,3181.6,3184.0,3181.6,3183.2,335
2010/4/20,14:01:00,3182.8,3183.2,3180.4,3181.2,575
2010/4/20,14:02:00,3181.2,3183.0,3179.0,3179.0,790
2010/4/20,14:03:00,3179.2,3180.2,3177.6,3178.0,759
2010/4/20,14:04:00,3177.8,3180.8,3177.6,3179.0,669
2010/4/20,14:05:00,3179.8,3183.0,3178.6,3182.0,773
2010/4/20,14:06:00,3182.0,3188.0,3181.0,3185.6,1023
2010/4/20,14:07:00,3185.8,3192.8,3185.6,3192.2,1269
2010/4/20,14:08:00,3193.0,3199.8,3193.0,3199.8,1144
2010/4/20,14:09:00,3200.0,3218.0,3200.0,3214.4,1605
2010/4/20,14:10:00,3214.8,3228.2,3209.6,3228.2,1532
2010/4/20,14:11:00,3228.2,3237.4,3225.2,3227.0,1533
2010/4/20,14:12:00,3227.0,3232.0,3226.0,3227.2,942
2010/4/20,14:13:00,3227.8,3236.4,3227.0,3231.8,1019
2010/4/20,14:14:00,3231.8,3231.8,3221.8,3224.0,1165
2010/4/20,14:15:00,3223.6,3226.2,3222.2,3222.8,631
2010/4/20,14:16:00,3222.4,3223.0,3218.8,3221.0,760
2010/4/20,14:17:00,3221.0,3221.8,3219.0,3220.0,599
2010/4/20,14:18:00,3219.8,3226.6,3219.4,3220.2,805
2010/4/20,14:19:00,3220.0,3220.4,3216.4,3217.8,725
2010/4/20,14:20:00,3217.8,3223.4,3217.2,3222.0,676
2010/4/20,14:21:00,3222.4,3222.8,3216.2,3218.2,814
2010/4/20,14:22:00,3218.0,3219.4,3212.4,3212.6,723
2010/4/20,14:23:00,3213.2,3216.0,3212.8,3216.0,645
2010/4/20,14:24:00,3215.6,3215.6,3212.2,3213.4,600
2010/4/20,14:25:00,3213.0,3218.6,3213.0,3215.6,771
2010/4/20,14:26:00,3216.0,3218.0,3215.4,3217.2,596
2010/4/20,14:27:00,3217.2,3220.8,3215.6,3220.8,571
2010/4/20,14:28:00,3221.0,3224.0,3219.0,3219.0,859
2010/4/20,14:29:00,3219.4,3219.6,3213.4,3215.0,655
2010/4/20,14:30:00,3215.0,3215.0,3210.6,3213.0,735
2010/4/20,14:31:00,3213.0,3215.0,3211.0,3215.0,712
2010/4/20,14:32:00,3215.0,3217.2,3214.0,3215.8,533
2010/4/20,14:33:00,3215.6,3216.4,3212.0,3214.0,472
2010/4/20,14:34:00,3214.0,3215.2,3208.2,3208.2,531
2010/4/20,14:35:00,3207.4,3211.6,3207.2,3210.0,697
2010/4/20,14:36:00,3210.4,3211.0,3206.6,3207.0,523
2010/4/20,14:37:00,3207.0,3210.0,3207.0,3209.2,387
2010/4/20,14:38:00,3209.2,3216.4,3209.2,3214.0,681
2010/4/20,14:39:00,3214.0,3218.8,3213.6,3214.4,687
2010/4/20,14:40:00,3214.4,3218.0,3212.2,3217.0,714
2010/4/20,14:41:00,3217.4,3223.8,3217.2,3223.6,829
2010/4/20,14:42:00,3223.4,3223.6,3218.2,3219.0,631
2010/4/20,14:43:00,3219.0,3220.8,3218.2,3219.8,381
2010/4/20,14:44:00,3219.8,3222.6,3217.0,3218.6,612
2010/4/20,14:45:00,3218.8,3219.0,3215.2,3215.2,464
2010/4/20,14:46:00,3215.2,3216.6,3214.0,3214.8,477
2010/4/20,14:47:00,3215.0,3216.0,3213.2,3214.6,326
2010/4/20,14:48:00,3214.6,3222.0,3214.6,3219.4,446
2010/4/20,14:49:00,3219.6,3221.0,3218.2,3219.4,299
2010/4/20,14:50:00,3219.4,3220.0,3217.4,3218.8,277
2010/4/20,14:51:00,3219.0,3219.0,3213.6,3214.0,488
2010/4/20,14:52:00,3213.8,3216.4,3213.6,3216.4,331
2010/4/20,14:53:00,3216.4,3219.0,3215.0,3215.0,355
2010/4/20,14:54:00,3215.0,3218.0,3215.0,3218.0,215
2010/4/20,14:55:00,3218.6,3224.0,3218.4,3221.4,697
2010/4/20,14:56:00,3221.0,3221.4,3217.0,3219.4,357
2010/4/20,14:57:00,3219.4,3220.2,3217.8,3219.2,283
2010/4/20,14:58:00,3219.6,3223.2,3219.0,3221.4,278
2010/4/20,14:59:00,3221.4,3222.0,3215.0,3217.4,469
2010/4/20,15:00:00,3216.0,3217.2,3215.8,3216.8,206
2010/4/20,15:01:00,3216.8,3217.4,3210.6,3211.2,623
2010/4/20,15:02:00,3212.0,3214.6,3211.2,3213.0,435
2010/4/20,15:03:00,3213.8,3216.0,3211.0,3216.0,377
2010/4/20,15:04:00,3216.2,3217.0,3214.2,3214.8,311
2010/4/20,15:05:00,3214.8,3217.8,3214.8,3217.0,393
2010/4/20,15:06:00,3216.2,3217.2,3215.2,3217.0,152
2010/4/20,15:07:00,3217.0,3217.0,3215.4,3215.6,193
2010/4/20,15:08:00,3215.6,3217.4,3215.6,3216.2,226
2010/4/20,15:09:00,3216.2,3218.8,3216.2,3218.0,293
2010/4/20,15:10:00,3218.0,3218.0,3216.8,3216.8,73
2010/4/20,15:11:00,3217.2,3217.2,3215.4,3216.2,278
2010/4/20,15:12:00,3216.0,3217.0,3215.4,3216.2,313
2010/4/20,15:13:00,3216.2,3217.4,3216.2,3217.0,225
2010/4/20,15:14:00,3217.0,3217.0,3215.0,3215.2,263
2010/4/20,15:15:00,3215.2,3216.0,3214.6,3215.0,371
2010/4/21,09:16:00,3215.0,3219.0,3213.0,3215.0,566
2010/4/21,09:17:00,3215.0,3215.0,3212.2,3213.8,329
2010/4/21,09:18:00,3214.0,3222.0,3213.8,3219.8,765
2010/4/21,09:19:00,3219.4,3222.2,3218.0,3220.6,344
2010/4/21,09:20:00,3220.0,3226.0,3219.4,3223.0,481
2010/4/21,09:21:00,3223.0,3223.4,3221.0,3223.4,269
2010/4/21,09:22:00,3223.4,3224.0,3221.2,3222.0,336
2010/4/21,09:23:00,3222.0,3222.0,3220.8,3221.0,221
2010/4/21,09:24:00,3221.4,3224.0,3220.4,3220.4,330
2010/4/21,09:25:00,3220.2,3222.0,3217.2,3218.4,419
2010/4/21,09:26:00,3218.6,3220.2,3218.4,3219.0,146
2010/4/21,09:27:00,3218.6,3220.8,3218.0,3220.2,205
2010/4/21,09:28:00,3220.0,3220.0,3218.2,3219.6,134
2010/4/21,09:29:00,3219.8,3223.6,3219.6,3223.0,392
2010/4/21,09:30:00,3222.8,3226.0,3222.0,3223.8,374
2010/4/21,09:31:00,3223.8,3224.4,3222.0,3222.6,279
2010/4/21,09:32:00,3223.8,3223.8,3219.6,3220.8,400
2010/4/21,09:33:00,3220.4,3221.6,3219.2,3219.8,397
2010/4/21,09:34:00,3219.8,3224.2,3219.2,3223.0,404
2010/4/21,09:35:00,3223.0,3224.0,3221.2,3222.2,458
2010/4/21,09:36:00,3222.0,3226.2,3222.0,3223.8,498
2010/4/21,09:37:00,3223.8,3223.8,3222.2,3223.0,201
2010/4/21,09:38:00,3223.0,3225.0,3220.0,3224.8,471
2010/4/21,09:39:00,3224.2,3224.6,3221.0,3223.6,255
2010/4/21,09:40:00,3223.0,3224.8,3221.8,3224.8,353
2010/4/21,09:41:00,3225.0,3227.4,3225.0,3226.8,777
2010/4/21,09:42:00,3226.4,3228.0,3225.6,3227.2,601
2010/4/21,09:43:00,3227.2,3229.2,3227.2,3227.4,549
2010/4/21,09:44:00,3227.6,3228.4,3226.8,3227.2,401
2010/4/21,09:45:00,3227.4,3229.4,3226.2,3229.2,339
2010/4/21,09:46:00,3229.0,3229.0,3227.0,3227.0,438
2010/4/21,09:47:00,3226.8,3228.8,3226.8,3228.6,365
2010/4/21,09:48:00,3228.0,3228.0,3226.4,3227.2,404
2010/4/21,09:49:00,3227.0,3230.6,3226.8,3228.2,512
2010/4/21,09:50:00,3229.0,3229.2,3227.2,3229.0,302
2010/4/21,09:51:00,3229.0,3231.0,3228.4,3229.8,530
2010/4/21,09:52:00,3230.0,3230.6,3228.0,3228.2,434
2010/4/21,09:53:00,3228.6,3229.4,3225.2,3228.4,650
2010/4/21,09:54:00,3228.0,3229.0,3226.2,3227.8,448
2010/4/21,09:55:00,3227.8,3227.8,3225.0,3226.6,584
2010/4/21,09:56:00,3226.6,3227.0,3224.2,3225.8,449
2010/4/21,09:57:00,3225.8,3226.2,3224.6,3225.8,289
2010/4/21,09:58:00,3225.8,3227.6,3225.8,3226.8,343
2010/4/21,09:59:00,3226.8,3227.2,3225.4,3226.0,286
2010/4/21,10:00:00,3226.0,3227.4,3226.0,3226.2,231
2010/4/21,10:01:00,3226.0,3227.4,3225.6,3227.4,236
2010/4/21,10:02:00,3227.0,3227.2,3224.6,3224.6,366
2010/4/21,10:03:00,3224.4,3226.2,3224.4,3225.2,443
2010/4/21,10:04:00,3225.6,3226.6,3225.0,3225.0,348
2010/4/21,10:05:00,3225.0,3225.2,3222.8,3224.0,585
2010/4/21,10:06:00,3223.6,3224.0,3222.4,3222.4,299
2010/4/21,10:07:00,3223.0,3224.4,3222.4,3223.8,286
2010/4/21,10:08:00,3223.8,3224.6,3222.6,3222.8,238
2010/4/21,10:09:00,3223.0,3224.0,3222.8,3223.8,183
2010/4/21,10:10:00,3224.0,3224.0,3222.4,3224.0,202
2010/4/21,10:11:00,3224.0,3224.2,3221.0,3221.4,377
2010/4/21,10:12:00,3221.4,3222.8,3221.4,3221.4,327
2010/4/21,10:13:00,3221.4,3221.6,3219.6,3220.2,565
2010/4/21,10:14:00,3219.8,3221.0,3219.0,3221.0,528
2010/4/21,10:15:00,3220.4,3221.0,3219.6,3221.0,332
2010/4/21,10:16:00,3220.8,3221.8,3220.0,3221.8,331
2010/4/21,10:17:00,3222.0,3222.4,3221.0,3222.0,358
2010/4/21,10:18:00,3222.0,3222.4,3221.2,3221.4,152
2010/4/21,10:19:00,3221.6,3222.6,3220.6,3222.6,245
2010/4/21,10:20:00,3222.6,3222.8,3221.6,3222.0,294
2010/4/21,10:21:00,3222.0,3223.0,3222.0,3223.0,268
2010/4/21,10:22:00,3223.4,3223.4,3222.4,3223.4,260
2010/4/21,10:23:00,3223.6,3223.6,3222.0,3222.0,277
2010/4/21,10:24:00,3222.2,3222.6,3221.8,3222.2,147
2010/4/21,10:25:00,3222.2,3223.0,3222.0,3222.0,183
2010/4/21,10:26:00,3222.0,3223.6,3222.0,3223.0,251
2010/4/21,10:27:00,3223.0,3223.2,3219.0,3219.0,347
2010/4/21,10:28:00,3219.0,3219.0,3213.6,3215.0,747
2010/4/21,10:29:00,3214.0,3216.8,3213.4,3214.6,661
2010/4/21,10:30:00,3214.6,3215.6,3212.0,3212.4,660
2010/4/21,10:31:00,3212.4,3214.0,3210.8,3213.6,645
2010/4/21,10:32:00,3213.4,3213.6,3211.6,3212.4,446
2010/4/21,10:33:00,3212.0,3214.0,3212.0,3213.4,426
2010/4/21,10:34:00,3213.4,3215.0,3213.0,3213.4,382
2010/4/21,10:35:00,3213.4,3213.4,3212.0,3212.8,326
2010/4/21,10:36:00,3212.8,3214.0,3211.0,3213.6,495
2010/4/21,10:37:00,3214.0,3214.0,3211.6,3212.0,349
2010/4/21,10:38:00,3211.6,3211.8,3209.2,3209.4,856
2010/4/21,10:39:00,3209.0,3211.4,3209.0,3210.2,407
2010/4/21,10:40:00,3210.0,3210.6,3208.2,3208.2,519
2010/4/21,10:41:00,3208.2,3210.0,3208.0,3209.0,453
2010/4/21,10:42:00,3209.0,3211.6,3209.0,3210.4,344
2010/4/21,10:43:00,3210.4,3211.8,3209.6,3210.8,322
2010/4/21,10:44:00,3210.8,3212.4,3210.4,3212.4,286
2010/4/21,10:45:00,3212.8,3213.4,3212.0,3212.8,449
2010/4/21,10:46:00,3213.0,3213.8,3212.2,3213.8,277
2010/4/21,10:47:00,3213.4,3214.0,3212.6,3213.6,228
2010/4/21,10:48:00,3213.8,3214.0,3212.8,3213.4,173
2010/4/21,10:49:00,3213.2,3216.2,3213.2,3214.8,432
2010/4/21,10:50:00,3215.0,3215.2,3214.2,3214.4,263
2010/4/21,10:51:00,3214.4,3216.8,3214.4,3216.0,365
2010/4/21,10:52:00,3216.2,3216.6,3214.8,3215.0,231
2010/4/21,10:53:00,3215.0,3216.4,3214.8,3216.0,269
2010/4/21,10:54:00,3216.6,3217.8,3213.8,3213.8,407
2010/4/21,10:55:00,3214.2,3215.4,3213.8,3213.8,416
2010/4/21,10:56:00,3214.0,3215.2,3213.6,3214.6,233
2010/4/21,10:57:00,3215.0,3215.0,3213.2,3214.8,310
2010/4/21,10:58:00,3215.2,3217.4,3215.0,3216.0,548
2010/4/21,10:59:00,3216.0,3217.4,3216.0,3216.6,418
2010/4/21,11:00:00,3216.4,3216.8,3215.6,3216.6,261
2010/4/21,11:01:00,3217.0,3218.6,3216.8,3217.6,569
2010/4/21,11:02:00,3217.2,3217.6,3216.2,3216.8,267
2010/4/21,11:03:00,3217.0,3217.0,3216.0,3216.6,189
2010/4/21,11:04:00,3216.6,3217.0,3215.8,3216.0,221
2010/4/21,11:05:00,3215.6,3217.2,3215.6,3217.0,211
2010/4/21,11:06:00,3217.0,3218.8,3216.4,3218.2,255
2010/4/21,11:07:00,3218.2,3218.4,3217.2,3217.4,171
2010/4/21,11:08:00,3217.4,3218.0,3216.6,3217.0,219
2010/4/21,11:09:00,3216.6,3217.4,3216.4,3216.8,198
2010/4/21,11:10:00,3216.6,3216.8,3215.0,3215.2,365
2010/4/21,11:11:00,3215.4,3215.4,3214.4,3215.0,372
2010/4/21,11:12:00,3215.0,3215.6,3214.6,3215.6,318
2010/4/21,11:13:00,3215.6,3217.6,3215.0,3216.6,268
2010/4/21,11:14:00,3216.6,3217.6,3215.6,3216.4,214
2010/4/21,11:15:00,3216.4,3217.2,3216.0,3217.2,183
2010/4/21,11:16:00,3217.4,3217.4,3216.0,3216.8,201
2010/4/21,11:17:00,3216.8,3217.2,3215.8,3217.2,203
2010/4/21,11:18:00,3217.2,3219.0,3217.2,3217.6,403
2010/4/21,11:19:00,3217.4,3217.6,3216.0,3216.4,200
2010/4/21,11:20:00,3216.4,3218.0,3216.4,3218.0,182
2010/4/21,11:21:00,3218.6,3223.2,3217.6,3223.2,531
2010/4/21,11:22:00,3223.2,3228.0,3223.0,3227.0,1277
2010/4/21,11:23:00,3226.8,3233.2,3225.8,3230.2,1031
2010/4/21,11:24:00,3231.0,3231.0,3228.2,3229.8,706
2010/4/21,11:25:00,3229.6,3230.4,3227.6,3228.6,500
2010/4/21,11:26:00,3228.8,3229.0,3227.0,3228.0,438
2010/4/21,11:27:00,3228.6,3229.4,3227.6,3227.8,303
2010/4/21,11:28:00,3227.6,3229.2,3227.6,3228.6,312
2010/4/21,11:29:00,3228.4,3228.6,3227.6,3228.2,288
2010/4/21,11:30:00,3228.2,3228.6,3227.6,3228.0,243
2010/4/21,13:01:00,3228.0,3230.0,3227.6,3229.0,383
2010/4/21,13:02:00,3230.0,3230.4,3227.6,3227.6,362
2010/4/21,13:03:00,3227.6,3228.0,3227.2,3228.0,196
2010/4/21,13:04:00,3228.0,3228.4,3226.4,3226.8,319
2010/4/21,13:05:00,3226.6,3227.4,3226.6,3227.2,171
2010/4/21,13:06:00,3227.2,3227.6,3226.2,3226.8,168
2010/4/21,13:07:00,3226.8,3228.4,3226.8,3228.0,232
2010/4/21,13:08:00,3227.8,3228.2,3226.8,3227.6,172
2010/4/21,13:09:00,3227.4,3228.0,3227.0,3227.0,176
2010/4/21,13:10:00,3227.0,3227.4,3225.2,3225.8,403
2010/4/21,13:11:00,3225.8,3226.0,3225.4,3225.8,259
2010/4/21,13:12:00,3226.0,3226.6,3226.0,3226.4,161
2010/4/21,13:13:00,3226.4,3235.6,3226.0,3235.2,711
2010/4/21,13:14:00,3235.0,3237.8,3233.2,3237.8,1067
2010/4/21,13:15:00,3237.8,3237.8,3234.8,3235.4,578
2010/4/21,13:16:00,3235.2,3237.0,3234.4,3235.8,613
2010/4/21,13:17:00,3235.4,3235.6,3234.0,3235.2,254
2010/4/21,13:18:00,3235.0,3235.8,3234.2,3235.8,254
2010/4/21,13:19:00,3235.8,3237.4,3234.4,3235.0,391
2010/4/21,13:20:00,3235.0,3235.6,3234.8,3235.6,192
2010/4/21,13:21:00,3235.6,3242.6,3235.0,3238.4,812
2010/4/21,13:22:00,3238.8,3239.0,3235.8,3235.8,441
2010/4/21,13:23:00,3235.4,3236.6,3234.4,3234.4,385
2010/4/21,13:24:00,3234.6,3235.6,3234.2,3235.4,333
2010/4/21,13:25:00,3235.0,3235.6,3234.6,3235.4,275
2010/4/21,13:26:00,3235.4,3236.6,3234.8,3235.8,308
2010/4/21,13:27:00,3236.0,3236.8,3235.0,3235.0,314
2010/4/21,13:28:00,3235.0,3235.8,3234.4,3235.0,345
2010/4/21,13:29:00,3235.0,3235.2,3233.2,3234.0,477
2010/4/21,13:30:00,3234.2,3240.8,3234.2,3237.8,800
2010/4/21,13:31:00,3237.8,3238.0,3235.8,3236.8,351
2010/4/21,13:32:00,3237.0,3241.8,3237.0,3237.4,526
2010/4/21,13:33:00,3238.0,3242.6,3237.4,3239.8,712
2010/4/21,13:34:00,3239.8,3241.0,3238.4,3240.8,362
2010/4/21,13:35:00,3240.0,3243.8,3239.0,3239.2,670
2010/4/21,13:36:00,3239.0,3243.0,3238.2,3241.0,637
2010/4/21,13:37:00,3241.0,3241.6,3238.6,3240.0,482
2010/4/21,13:38:00,3240.2,3242.8,3239.8,3240.2,510
2010/4/21,13:39:00,3240.4,3246.0,3240.4,3246.0,879
2010/4/21,13:40:00,3246.0,3247.4,3243.6,3247.4,820
2010/4/21,13:41:00,3247.0,3247.8,3245.4,3247.0,701
2010/4/21,13:42:00,3246.4,3247.0,3245.4,3246.0,371
2010/4/21,13:43:00,3246.0,3248.0,3245.8,3246.2,500
2010/4/21,13:44:00,3246.4,3247.6,3245.4,3245.8,401
2010/4/21,13:45:00,3245.8,3247.2,3244.2,3244.6,398
2010/4/21,13:46:00,3244.6,3246.0,3244.4,3245.2,355
2010/4/21,13:47:00,3245.6,3251.4,3245.0,3249.6,778
2010/4/21,13:48:00,3249.8,3249.8,3248.2,3249.0,425
2010/4/21,13:49:00,3248.2,3251.4,3248.2,3250.4,495
2010/4/21,13:50:00,3250.2,3250.4,3248.6,3249.2,404
2010/4/21,13:51:00,3249.4,3249.8,3246.0,3246.2,528
2010/4/21,13:52:00,3246.0,3246.2,3241.6,3242.6,1061
2010/4/21,13:53:00,3242.6,3243.6,3241.0,3241.0,626
2010/4/21,13:54:00,3241.6,3243.0,3241.0,3241.4,420
2010/4/21,13:55:00,3241.2,3242.8,3240.2,3242.0,401
2010/4/21,13:56:00,3242.0,3242.2,3240.8,3242.0,487
2010/4/21,13:57:00,3242.0,3242.0,3238.6,3241.0,516
2010/4/21,13:58:00,3240.8,3242.8,3240.2,3242.4,348
2010/4/21,13:59:00,3242.8,3242.8,3241.2,3241.6,286
2010/4/21,14:00:00,3241.8,3242.6,3241.0,3241.4,345
2010/4/21,14:01:00,3241.6,3241.6,3240.0,3240.4,389
2010/4/21,14:02:00,3240.4,3245.2,3240.4,3244.0,661
2010/4/21,14:03:00,3244.0,3244.4,3243.2,3243.4,386
2010/4/21,14:04:00,3243.4,3247.8,3242.0,3246.2,739
2010/4/21,14:05:00,3246.4,3254.2,3246.2,3253.6,1406
2010/4/21,14:06:00,3253.0,3254.2,3250.0,3253.0,804
2010/4/21,14:07:00,3254.0,3254.2,3251.2,3253.4,601
2010/4/21,14:08:00,3253.6,3254.0,3250.2,3251.6,577
2010/4/21,14:09:00,3251.4,3255.0,3251.4,3255.0,367
2010/4/21,14:10:00,3255.2,3255.2,3252.0,3253.0,433
2010/4/21,14:11:00,3253.2,3254.0,3252.6,3254.0,241
2010/4/21,14:12:00,3255.0,3255.8,3253.0,3253.0,444
2010/4/21,14:13:00,3253.0,3255.6,3252.2,3255.0,442
2010/4/21,14:14:00,3255.0,3258.0,3254.0,3257.0,540
2010/4/21,14:15:00,3256.4,3257.2,3254.8,3255.4,481
2010/4/21,14:16:00,3255.6,3256.4,3253.0,3253.0,543
2010/4/21,14:17:00,3253.0,3253.0,3251.4,3252.8,537
2010/4/21,14:18:00,3253.0,3255.0,3253.0,3253.0,338
2010/4/21,14:19:00,3253.0,3253.2,3251.4,3251.4,452
2010/4/21,14:20:00,3251.6,3254.0,3250.2,3254.0,448
2010/4/21,14:21:00,3253.4,3257.0,3253.0,3253.6,680
2010/4/21,14:22:00,3253.6,3255.6,3252.2,3255.4,524
2010/4/21,14:23:00,3255.4,3256.0,3254.2,3254.6,418
2010/4/21,14:24:00,3254.6,3257.0,3254.4,3256.0,401
2010/4/21,14:25:00,3256.0,3258.0,3253.2,3258.0,488
2010/4/21,14:26:00,3258.0,3258.8,3256.2,3256.6,501
2010/4/21,14:27:00,3256.2,3259.6,3256.2,3258.0,601
2010/4/21,14:28:00,3258.2,3260.2,3257.4,3259.6,535
2010/4/21,14:29:00,3260.0,3262.0,3259.8,3260.6,658
2010/4/21,14:30:00,3260.4,3260.8,3259.4,3260.0,346
2010/4/21,14:31:00,3260.2,3262.8,3260.2,3262.6,520
2010/4/21,14:32:00,3262.6,3263.8,3261.4,3263.0,422
2010/4/21,14:33:00,3263.2,3263.2,3259.6,3260.4,547
2010/4/21,14:34:00,3261.0,3262.8,3260.6,3261.8,281
2010/4/21,14:35:00,3262.0,3264.8,3261.0,3264.0,549
2010/4/21,14:36:00,3263.4,3266.6,3263.2,3266.4,440
2010/4/21,14:37:00,3266.4,3266.8,3265.0,3266.0,614
2010/4/21,14:38:00,3266.0,3269.0,3266.0,3268.0,626
2010/4/21,14:39:00,3268.0,3271.6,3267.8,3271.0,651
2010/4/21,14:40:00,3270.8,3272.8,3269.0,3272.8,661
2010/4/21,14:41:00,3273.2,3275.8,3272.2,3275.0,801
2010/4/21,14:42:00,3275.0,3275.6,3272.4,3275.4,482
2010/4/21,14:43:00,3276.0,3279.8,3275.6,3278.2,912
2010/4/21,14:44:00,3278.6,3279.6,3277.0,3279.2,560
2010/4/21,14:45:00,3280.0,3281.0,3277.0,3277.0,556
2010/4/21,14:46:00,3277.0,3277.0,3272.6,3273.0,705
2010/4/21,14:47:00,3273.2,3275.0,3272.8,3274.8,404
2010/4/21,14:48:00,3274.2,3275.0,3272.2,3272.2,401
2010/4/21,14:49:00,3272.4,3272.6,3270.0,3271.8,675
2010/4/21,14:50:00,3271.8,3275.0,3271.8,3273.0,423
2010/4/21,14:51:00,3272.6,3274.4,3272.6,3273.0,312
2010/4/21,14:52:00,3273.0,3274.6,3271.6,3273.4,358
2010/4/21,14:53:00,3273.6,3274.0,3269.0,3269.0,347
2010/4/21,14:54:00,3269.0,3271.0,3268.8,3270.0,486
2010/4/21,14:55:00,3270.0,3274.0,3270.0,3273.8,453
2010/4/21,14:56:00,3273.6,3274.2,3272.8,3274.2,344
2010/4/21,14:57:00,3274.4,3275.8,3273.6,3273.8,464
2010/4/21,14:58:00,3273.8,3274.6,3273.0,3273.2,225
2010/4/21,14:59:00,3273.4,3275.0,3271.0,3271.0,303
2010/4/21,15:00:00,3271.4,3271.4,3267.0,3268.4,804
2010/4/21,15:01:00,3269.0,3270.0,3265.0,3267.0,632
2010/4/21,15:02:00,3267.0,3267.8,3265.6,3267.2,330
2010/4/21,15:03:00,3267.0,3269.0,3266.6,3268.0,358
2010/4/21,15:04:00,3268.0,3268.0,3266.0,3267.8,307
2010/4/21,15:05:00,3267.8,3268.4,3267.0,3267.6,185
2010/4/21,15:06:00,3267.4,3268.6,3265.0,3266.2,388
2010/4/21,15:07:00,3266.2,3267.8,3265.8,3267.4,169
2010/4/21,15:08:00,3267.0,3267.0,3263.2,3265.0,486
2010/4/21,15:09:00,3264.8,3265.0,3263.4,3264.6,306
2010/4/21,15:10:00,3264.6,3265.8,3264.0,3264.6,259
2010/4/21,15:11:00,3264.4,3266.6,3264.2,3265.6,280
2010/4/21,15:12:00,3265.6,3265.8,3264.4,3265.0,236
2010/4/21,15:13:00,3264.8,3266.6,3264.8,3266.0,246
2010/4/21,15:14:00,3266.0,3268.6,3265.2,3267.0,463
2010/4/21,15:15:00,3267.0,3267.6,3266.0,3267.0,401
2010/4/22,09:16:00,3260.2,3261.6,3258.8,3260.0,651
2010/4/22,09:17:00,3260.0,3260.2,3258.2,3258.6,444
2010/4/22,09:18:00,3258.4,3258.4,3256.2,3257.6,406
2010/4/22,09:19:00,3257.2,3257.8,3256.4,3256.4,194
2010/4/22,09:20:00,3256.6,3257.4,3254.8,3256.0,415
2010/4/22,09:21:00,3256.0,3256.2,3253.4,3254.4,361
2010/4/22,09:22:00,3254.6,3254.6,3252.6,3252.8,250
2010/4/22,09:23:00,3253.0,3255.0,3253.0,3253.0,294
2010/4/22,09:24:00,3252.6,3253.4,3249.6,3250.4,513
2010/4/22,09:25:00,3251.0,3251.8,3249.2,3250.6,279
2010/4/22,09:26:00,3250.8,3252.6,3250.0,3251.6,279
